56 56 56 56 56 56 56 56 56 56 56 56 56 56 56 56 56 56 56 56 56 56 56 56 56 56 56 56 56 56 56 56 56 56 56 56 56 56 56 56 56 56 56 56 56 56 56 56 56 56 56 56 56 56 56 56 56 56 56 56 56 56 56 56 56 56 56 56 56 56 56 56 56 56 56 56 56 56 56 56 56 56 56 56 56 56 56 56 56 56 56 56 56 56 56 56 56 56 56 56  
56 56 56 56 56 56 56 56 56 56 56 56 56 56 56 56 56 56 56 56 56 57 56 56 56 56 57 56 56 56 56 56 56 56 56 56 56 57 56 56 56 56 56 56 56 56 56 56 56 56 56 56 56 56 56 56 56 56 56 56 56 56 56 56 56 56 56 56 56 56 56 56 56 56 56 56 56 56 56 56 56 56 56 56 56 56 56 56 56 56 56 56 56 56 56 56 56 56 56 56  
56 56 56 56 56 56 56 56 56 56 56 56 56 56 56 56 56 56 56 56 56 56 56 56 56 56 56 56 56 56 56 56 56 56 56 56 56 56 56 56 56 56 56 56 56 56 56 56 56 56 56 56 56 56 56 56 56 56 56 56 56 56 56 56 56 56 56 56 56 56 56 56 56 56 57 56 56 56 56 56 56 56 56 56 56 56 56 56 56 56 56 56 57 56 56 56 56 56 56 56  
56 56 56 56 56 56 56 56 56 56 56 56 56 56 56 56 56 56 56 56 56 56 56 56 56 56 56 56 56 56 56 56 56 56 57 56 56 56 56 56 56 56 56 56 57 56 56 56 56 56 56 56 56 56 56 56 56 56 56 56 56 56 56 56 56 56 56 56 56 56 56 56 56 56 56 56 56 56 56 56 56 56 56 56 56 56 56 56 56 56 56 56 56 56 56 56 56 56 56 56  
56 56 56 56 56 56 56 57 56 56 56 56 56 56 56 56 56 56 56 56 56 56 56 56 56 56 56 56 56 56 56 56 56 56 56 56 56 56 56 56 56 56 56 56 56 56 56 56 56 56 56 56 56 57 56 56 56 56 56 56 56 56 56 56 56 56 56 56 56 56 56 56 56 56 56 56 56 56 56 56 56 56 56 56 56 56 56 56 56 57 56 56 56 56 56 56 56 56 56 56  
56 56 56 56 56 56 56 56 56 56 56 56 56 56 56 56 56 56 56 57 56 56 56 56 56 56 56 56 56 56 56 56 56 56 56 56 56 56 56 56 56 56 56 56 56 56 56 56 56 56 56 56 56 56 56 56 56 56 56 56 56 56 56 56 56 56 56 56 56 56 56 56 56 56 56 56 56 56 56 56 57 56 56 56 56 56 56 56 56 56 56 56 56 56 56 56 56 56 56 56  
56 56 56 56 56 56 56 56 56 56 56 56 57 56 56 56 56 56 56 56 56 56 56 56 56 56 57 56 56 56 56 56 56 56 56 56 56 56 56 56 56 56 56 56 56 56 56 56 56 56 56 56 56 56 56 56 56 56 56 56 56 56 56 56 56 56 56 56 56 56 56 56 56 56 56 56 56 56 56 56 56 56 56 56 56 56 56 56 56 56 56 56 56 56 56 56 56 56 56 56  
56 56 56 56 56 56 56 56 56 56 56 56 56 56 56 56 56 56 56 56 56 56 56 56 56 56 56 56 56 56 56 56 56 56 56 56 56 56 56 56 56 56 56 56 56 56 56 56 56 56 56 56 56 56 56 56 56 56 56 56 57 56 56 56 56 56 56 56 56 56 56 57 56 56 56 56 56 56 56 56 56 56 56 56 56 56 56 56 56 56 56 56 56 56 56 56 56 56 56 56  
56 56 56 56 57 56 56 56 57 56 56 56 56 56 56 56 57 56 56 56 56 56 56 56 56 56 56 56 56 56 56 56 56 56 56 56 56 56 56 56 56 56 56 56 56 56 56 56 56 56 56 56 56 56 56 56 56 56 56 56 56 56 56 56 56 56 56 56 56 56 56 56 56 56 56 56 56 56 56 56 56 56 56 56 56 56 56 56 56 56 56 56 56 56 56 56 56 56 56 56  
56 56 56 56 56 56 56 56 56 66 64 64 64 64 64 64 64 64 64 64 64 64 64 64 64 64 64 64 64 64 64 64 64 64 64 64 64 64 64 64 64 64 64 64 64 64 64 64 64 64 64 64 64 64 64 64 64 64 64 64 64 64 64 64 64 64 64 64 64 64 64 64 64 64 64 64 64 64 64 64 64 64 64 64 64 64 64 64 64 64 56 56 56 56 56 57 56 57 56 56 
56 56 56 56 56 56 56 56 56 62 50 50 50 50 50 50 51 50 50 50 50 52 52 52 52 52 50 50 51 50 50 50 51 50 50 50 51 50 50 51 51 50 50 50 50 50 50 50 50 50 50 50 51 50 50 50 50 50 51 50 50 51 50 50 50 50 50 50 51 50 50 50 50 50 51 50 50 50 50 50 50 51 50 50 50 50 50 50 50 61 56 56 56 56 56 56 56 56 56 56 
56 56 56 56 56 56 56 56 56 62 50 46 44 44 44 44 44 44 44 47 51 52 52 51 50 50 50 50 51 50 50 50 51 50 50 50 51 50 50 51 51 50 50 50 50 50 50 51 50 54 54 54 54 54 50 50 50 50 51 50 50 51 50 50 50 50 50 50 51 50 50 50 50 50 51 50 50 50 50 50 50 51 50 50 50 50 50 50 50 61 56 57 56 56 56 56 56 57 56 56 
56 56 56 56 56 57 56 56 56 62 50 42 55 55 55 55 55 55 55 41 50 52 52 51 50 50 50 50 51 50 50 50 51 50 50 50 51 50 50 51 51 50 50 50 50 50 50 50 54 54 54 54 54 50 58 59 59 59 59 60 50 51 50 50 46 44 44 44 44 44 44 44 44 44 44 44 44 44 44 44 44 44 44 44 47 50 50 50 50 61 56 56 56 56 56 56 56 56 56 56 
56 56 56 56 56 56 56 56 56 62 50 42 55 55 55 55 55 55 55 41 50 52 52 50 50 50 50 50 51 50 50 50 51 50 50 50 51 50 50 51 51 50 50 50 50 50 50 54 54 54 54 54 54 50 61 56 56 56 57 62 50 51 50 50 42 55 55 55 55 55 55 55 55 55 55 55 55 55 55 55 55 55 55 55 41 50 50 50 50 61 56 56 56 56 56 56 56 56 56 56 
56 56 56 56 56 56 56 56 56 62 50 42 55 55 55 55 55 55 55 41 50 52 52 50 50 50 50 50 51 50 50 50 51 50 50 50 50 50 50 50 50 50 50 50 50 50 51 54 54 54 54 54 54 50 61 56 57 56 56 62 50 51 50 50 42 55 55 55 55 55 55 55 55 55 55 55 55 55 55 55 55 55 55 55 41 50 50 50 50 61 56 56 56 56 56 56 56 56 56 56 
56 56 56 57 56 56 56 56 56 62 50 42 55 55 55 55 55 55 55 41 51 52 52 50 50 50 50 50 50 50 50 50 50 50 50 50 50 50 50 50 50 50 50 50 50 50 50 54 54 54 54 54 54 50 61 56 56 56 56 62 50 51 50 50 48 39 39 39 39 39 39 39 39 39 39 39 39 40 55 55 55 55 55 55 41 50 50 50 50 61 56 56 56 56 56 56 57 56 56 56 
56 56 56 56 56 56 56 56 56 62 50 48 39 39 40 55 38 39 39 49 50 52 52 50 50 50 50 50 50 50 50 50 50 50 50 50 50 51 50 50 50 50 50 50 50 50 50 54 54 54 54 54 54 50 61 57 56 56 57 62 50 51 50 50 50 50 50 50 50 50 50 50 50 50 50 50 50 42 55 55 55 55 55 55 41 50 51 50 50 61 56 56 56 56 56 56 56 56 56 56 
56 56 56 56 56 56 56 57 56 62 50 50 50 50 42 55 41 50 52 52 52 52 52 50 50 50 50 50 50 50 50 50 50 50 50 50 50 50 50 50 50 50 50 50 50 50 50 54 54 54 54 54 54 50 63 64 64 64 64 65 50 51 50 50 50 50 50 50 50 50 50 51 50 50 50 50 50 42 55 38 39 39 39 39 49 50 50 50 50 61 56 56 56 56 56 56 56 56 56 56 
56 56 56 56 56 56 56 56 56 62 50 50 51 50 42 55 41 50 52 52 52 50 50 51 50 50 50 50 50 50 50 50 50 50 50 50 50 50 50 51 50 50 50 50 50 50 50 54 54 54 54 54 54 50 50 50 50 50 51 50 50 51 50 50 50 50 50 50 50 50 50 50 50 50 50 50 50 42 55 41 50 50 50 50 50 50 50 50 50 61 56 56 56 56 56 56 56 56 56 56 
56 56 56 56 57 56 56 56 56 62 50 50 50 50 42 55 41 50 52 52 52 50 50 50 50 50 50 50 50 50 50 50 50 50 50 50 50 46 44 44 44 44 44 47 50 50 50 54 54 54 54 54 54 50 50 50 50 50 51 50 50 51 50 50 50 50 50 50 50 50 50 50 50 50 51 50 50 48 39 49 51 50 50 50 50 50 50 50 50 61 56 56 56 57 56 56 56 56 56 56 
56 56 56 56 56 56 56 56 56 62 50 50 50 50 42 55 41 50 52 52 52 51 50 50 50 50 50 50 51 50 50 50 50 50 50 50 50 42 55 55 55 55 55 41 50 50 50 54 54 54 54 54 54 50 50 50 50 50 51 50 50 51 50 50 50 50 50 50 50 50 50 50 50 50 50 50 50 50 50 50 50 50 50 50 50 50 50 50 50 61 56 56 56 56 56 56 56 56 56 56 
56 56 56 56 56 56 56 57 56 62 50 51 50 50 42 55 41 50 52 52 52 50 50 50 50 50 50 50 50 50 50 50 50 50 50 50 50 42 55 38 39 39 39 49 50 50 50 54 54 54 54 54 54 50 50 50 50 50 51 50 50 51 50 50 50 50 50 50 50 50 50 50 50 50 50 50 50 50 50 50 50 50 50 50 50 50 50 50 50 61 56 56 56 56 56 56 56 56 56 56 
56 56 56 56 56 56 56 56 56 62 50 50 50 50 42 55 41 50 50 50 52 50 50 50 50 50 50 50 50 50 50 50 50 50 50 50 50 42 55 41 50 51 50 50 50 50 54 54 54 54 54 54 54 50 50 50 50 50 51 50 50 51 50 50 50 50 50 50 51 50 50 50 50 50 50 50 50 50 50 50 50 50 50 50 50 50 50 50 50 61 56 56 56 56 56 56 56 56 56 56 
56 56 56 56 56 56 56 56 56 62 50 50 50 50 42 55 41 50 50 50 52 50 50 50 50 50 51 50 50 50 50 50 50 50 50 50 50 42 55 41 50 50 50 50 50 52 54 54 54 54 54 54 54 50 50 50 50 50 50 50 50 50 50 50 50 50 50 50 50 50 50 50 50 50 50 50 50 50 50 50 50 50 50 50 50 50 50 50 50 61 56 56 56 56 56 56 56 56 56 56 
56 56 56 56 57 56 56 56 56 62 50 50 50 50 42 55 41 50 50 50 52 50 50 46 44 44 44 44 44 44 44 44 44 44 44 44 44 45 55 41 50 50 50 50 50 52 54 54 54 54 54 54 50 50 50 50 50 50 50 50 50 50 50 50 50 50 50 50 50 50 50 50 50 50 50 50 50 50 50 50 50 50 50 50 50 51 50 50 50 61 56 56 56 56 56 56 56 56 56 56 
56 56 56 56 56 56 56 56 56 62 50 50 51 50 42 55 41 50 50 50 50 50 50 42 55 55 55 55 55 55 55 55 55 55 55 55 55 55 55 41 50 50 50 50 50 52 50 50 50 50 50 50 50 50 50 50 50 50 50 50 50 50 50 50 50 50 50 50 50 50 50 50 50 50 50 50 50 50 50 50 50 50 50 50 50 50 50 50 50 61 56 56 56 56 56 56 56 56 56 56 
56 56 56 56 56 56 56 56 56 62 50 50 50 50 42 55 43 44 44 44 47 50 50 48 39 39 39 39 39 39 39 39 39 39 39 39 39 39 39 49 50 50 50 50 52 52 50 50 50 50 50 50 50 50 50 50 50 50 50 50 50 50 50 50 50 50 50 50 50 50 50 50 50 50 50 50 50 50 50 50 50 50 50 50 50 50 50 50 50 61 56 56 56 56 56 56 57 56 56 56 
56 56 56 56 56 56 57 56 56 62 50 50 50 50 42 55 55 55 55 55 41 50 50 50 50 50 50 50 50 50 50 50 50 50 50 50 50 50 50 50 50 50 51 52 52 52 50 50 50 50 50 50 50 50 50 50 50 50 50 50 50 50 50 50 51 50 50 50 50 50 50 50 50 50 50 50 50 50 50 50 50 50 50 50 50 50 50 50 50 61 56 56 56 56 56 56 56 56 56 56 
56 56 56 56 56 56 56 56 56 62 50 50 50 50 48 39 39 39 39 39 49 50 50 50 50 50 50 50 50 50 50 50 50 52 52 52 52 52 52 52 52 52 52 52 52 50 50 50 50 50 50 50 50 50 50 50 50 50 50 50 50 50 50 50 50 50 50 50 50 50 50 50 50 50 50 50 50 50 50 50 50 50 50 50 50 50 50 50 50 61 56 56 56 56 56 56 56 56 56 56 
56 56 56 56 56 56 56 56 56 62 50 50 50 50 50 50 50 50 50 50 50 50 50 50 50 50 50 50 50 50 50 50 52 52 52 52 52 52 52 52 50 50 50 50 50 50 50 50 50 50 50 50 50 50 50 50 50 50 50 50 50 50 50 50 50 50 50 50 50 50 50 50 50 50 50 50 50 50 50 50 50 50 50 50 50 50 50 50 50 61 56 56 56 56 56 56 56 56 56 56 
56 56 56 56 56 56 56 56 56 62 50 50 50 50 50 50 50 50 50 50 50 50 50 50 50 50 50 50 50 50 50 50 50 52 52 52 52 52 52 50 52 50 50 50 50 52 52 52 52 54 50 50 50 50 50 50 50 50 50 50 50 50 50 50 50 50 50 50 50 50 50 50 50 50 51 50 50 50 50 50 50 50 50 50 50 50 50 50 50 61 56 56 57 56 56 56 56 56 56 56 
56 56 56 57 56 56 56 57 56 62 50 50 50 50 50 50 50 50 50 50 50 50 50 50 50 50 50 50 50 50 50 50 50 50 52 52 52 50 50 50 52 52 50 52 52 52 52 52 52 54 54 54 54 54 54 54 54 50 51 50 50 50 50 50 50 50 50 50 50 50 50 50 50 50 50 50 50 50 50 50 50 50 50 50 50 50 50 50 50 61 56 56 56 56 56 56 56 56 56 56 
56 56 56 56 56 56 56 56 56 62 50 50 50 50 50 50 50 50 50 50 50 50 50 50 50 50 50 50 50 50 50 50 50 50 52 52 52 50 50 50 50 52 52 52 52 52 52 52 52 54 54 54 54 54 54 50 50 50 50 50 50 50 50 50 50 50 50 50 50 50 50 50 50 50 50 50 50 50 50 50 50 50 50 50 50 50 50 50 50 61 56 56 56 56 56 56 56 56 56 56 
56 56 56 56 56 56 56 56 56 62 50 50 50 50 50 50 50 50 50 50 50 50 50 50 50 50 50 50 50 50 50 50 50 50 52 52 50 50 50 50 50 50 52 52 52 50 50 50 50 50 50 50 50 50 50 50 50 50 50 50 50 50 50 50 50 50 50 50 51 50 50 50 50 50 50 50 50 50 50 50 50 50 50 50 50 50 50 50 50 61 56 56 56 56 56 56 56 56 56 56 
56 56 56 56 56 56 56 57 56 62 50 50 50 50 50 50 50 50 50 50 50 50 50 50 50 50 50 50 50 50 50 50 50 50 50 52 50 50 50 50 50 51 50 50 50 50 50 50 50 50 50 54 50 50 50 50 50 50 50 50 50 50 50 50 50 50 50 50 50 50 50 50 50 50 50 50 50 50 50 50 50 50 50 50 50 50 50 50 50 61 56 56 56 56 56 56 56 56 56 56 
56 56 56 56 56 56 56 56 56 62 50 50 50 50 50 50 50 50 50 50 50 50 50 50 50 50 50 50 50 50 50 50 50 50 50 52 50 50 50 50 50 50 50 50 50 50 50 50 50 50 50 50 50 50 50 50 50 50 50 50 50 50 50 50 50 50 50 50 50 50 50 50 50 50 50 50 50 50 50 50 50 50 50 50 50 50 50 50 50 61 56 56 56 56 56 56 56 56 56 56 
56 56 56 56 56 56 56 56 56 62 50 50 50 50 50 50 50 50 50 50 50 50 50 50 50 50 50 50 50 50 50 50 50 50 50 52 50 50 50 50 50 50 50 50 50 50 50 50 50 50 50 50 50 50 50 50 50 50 50 50 50 50 50 50 50 50 50 50 50 50 50 50 50 50 50 50 50 50 50 50 50 50 50 50 50 50 50 50 50 61 56 56 56 56 56 56 56 56 56 56 
56 56 56 57 56 56 56 56 56 62 50 50 50 50 50 50 50 50 50 50 50 50 50 51 50 50 50 50 50 50 50 50 50 50 50 52 50 50 50 50 50 50 50 50 50 50 50 50 50 50 50 50 50 50 50 50 50 50 50 50 50 50 50 50 50 50 50 50 50 50 50 50 50 50 50 50 50 50 50 50 50 50 50 50 50 50 50 50 50 61 56 57 56 56 56 56 56 56 56 56 
56 56 56 56 56 56 56 56 56 62 50 50 50 50 50 51 50 50 50 50 50 50 50 50 50 50 50 50 50 50 50 50 50 50 50 52 50 50 50 50 50 50 50 50 50 50 50 50 50 50 50 51 50 50 50 50 50 50 50 50 50 50 50 50 50 50 50 50 50 50 50 50 50 50 50 50 50 50 50 50 50 50 50 50 50 50 50 50 50 61 56 56 56 56 56 56 56 56 56 56 
56 56 56 56 56 56 56 56 56 62 50 50 50 50 50 50 50 50 50 50 50 50 50 50 50 50 50 50 50 50 50 50 50 50 50 52 52 50 50 50 50 50 50 50 50 50 50 50 50 50 50 50 50 50 50 50 50 50 50 50 50 50 50 50 50 50 50 50 50 50 50 50 50 50 50 50 50 50 50 50 50 50 50 50 50 50 50 50 50 61 56 56 56 56 56 57 56 56 56 56 
56 56 56 56 56 56 56 56 56 62 50 50 50 50 50 50 50 50 50 50 50 50 50 50 50 50 50 50 50 50 50 50 50 50 50 50 52 52 52 52 52 52 52 52 52 52 52 50 50 50 50 50 50 50 50 50 50 50 50 50 50 50 50 50 50 50 50 50 50 50 50 50 50 50 50 50 50 50 50 50 50 50 50 50 50 50 50 50 50 61 56 56 56 56 56 56 56 56 56 56 
56 56 56 56 56 56 56 56 56 62 50 50 50 50 50 50 50 50 50 50 50 50 50 50 50 50 50 51 50 50 50 50 50 50 50 50 51 52 52 52 52 52 52 52 52 52 50 50 50 50 50 50 50 50 50 50 50 50 50 50 50 50 50 50 50 50 50 50 50 50 50 50 50 50 50 50 50 50 50 50 50 50 50 50 50 50 50 50 50 61 56 56 56 56 56 56 56 56 56 56 
56 56 56 56 56 56 56 56 56 62 50 50 50 50 50 50 50 50 50 50 50 50 50 50 50 50 50 50 50 50 50 50 50 50 50 50 50 50 52 52 52 52 52 52 52 50 50 50 50 50 50 50 50 50 50 50 50 50 50 50 50 50 50 50 50 50 50 50 50 50 50 50 50 50 50 50 50 50 50 50 50 50 50 50 50 50 50 50 51 61 56 56 56 56 56 56 56 56 56 56 
56 56 56 56 56 56 56 57 56 62 50 50 50 50 50 50 50 50 50 50 50 50 50 50 50 50 50 50 50 50 50 50 50 50 50 50 50 50 50 50 50 50 50 50 52 50 50 50 50 50 50 50 50 50 50 50 50 50 50 50 50 50 50 50 50 50 50 50 50 50 50 50 50 50 50 50 50 50 50 50 50 50 50 50 50 50 50 50 50 61 56 56 56 56 56 56 56 57 56 56 
56 56 56 56 56 56 56 56 56 62 50 50 50 50 50 50 50 50 50 50 50 50 50 50 50 50 50 50 50 50 50 50 50 50 50 50 50 50 51 50 50 50 50 50 52 50 51 50 50 50 50 50 50 50 50 50 50 50 50 50 50 50 50 50 50 50 50 50 50 50 50 50 50 50 50 50 50 50 50 50 50 50 50 50 50 50 50 50 50 61 56 56 56 56 56 56 56 56 56 56 
56 56 56 56 56 56 56 56 56 62 50 50 50 50 50 50 50 50 50 50 50 50 50 50 50 50 50 50 50 50 50 50 50 50 50 50 50 50 50 50 50 50 50 50 52 50 50 50 50 50 50 50 50 50 50 50 50 50 50 50 50 50 50 50 50 50 50 50 50 50 50 50 50 50 50 50 50 50 50 50 50 50 50 50 50 50 50 50 50 61 56 56 56 56 56 56 56 56 56 56 
56 57 56 56 56 56 56 56 56 62 50 50 50 50 50 50 50 50 50 50 50 50 50 50 50 50 50 50 50 50 50 50 50 50 50 50 50 50 50 50 50 50 50 50 52 50 50 50 50 50 50 50 50 50 50 50 50 50 50 50 50 50 50 50 50 50 50 50 50 50 50 50 50 50 50 50 50 50 50 50 50 50 50 50 50 50 50 50 50 61 56 57 56 56 56 56 56 56 56 56 
56 56 56 56 56 56 56 56 56 62 50 50 50 50 50 50 50 50 50 50 50 50 50 50 50 50 50 50 50 50 50 50 50 50 50 50 50 50 50 50 50 50 50 50 52 50 50 50 51 50 50 50 50 50 50 50 50 50 50 50 50 50 50 50 50 50 50 50 50 50 50 50 50 50 50 50 50 50 50 50 50 50 50 50 50 50 50 50 50 61 56 56 56 56 56 56 56 56 56 56 
56 56 56 56 56 56 56 56 56 62 51 50 50 50 50 50 50 50 50 50 50 50 50 50 50 50 50 50 50 50 50 50 50 51 50 50 50 50 50 50 50 50 50 52 52 50 50 50 50 50 50 50 50 50 50 50 50 50 50 50 50 50 50 50 50 50 50 50 50 50 50 50 50 50 50 50 50 50 50 50 50 50 50 50 50 50 50 50 50 61 56 56 56 56 56 57 56 56 56 56 
56 56 56 56 56 56 56 56 56 62 51 54 50 50 50 50 50 50 50 50 50 50 50 50 50 50 50 50 50 50 50 50 50 50 50 50 50 50 50 50 52 52 52 52 50 50 50 50 50 50 50 50 50 50 50 50 50 50 50 50 50 50 50 50 50 50 50 50 50 50 50 50 50 50 50 50 50 50 50 50 50 50 50 50 50 50 50 50 50 61 56 56 56 56 56 56 56 56 56 56 
56 56 56 56 57 56 56 56 56 62 50 54 58 59 60 50 50 50 50 50 50 50 50 50 50 50 50 50 50 50 51 50 50 50 50 50 50 50 52 52 52 52 52 50 50 50 50 50 50 50 50 50 50 50 50 50 50 50 50 50 50 50 50 50 50 50 50 50 50 50 50 50 50 50 50 50 50 50 50 50 50 50 50 50 51 50 50 50 50 61 56 56 56 56 56 56 56 56 56 56 
56 56 56 56 56 56 56 56 56 62 50 54 61 56 62 50 50 50 50 50 50 50 50 50 50 50 50 50 50 50 50 50 50 50 50 50 50 50 50 50 50 50 50 50 50 50 50 50 50 50 50 50 50 50 50 50 50 50 50 50 50 50 50 50 50 50 50 50 50 50 50 50 50 50 50 50 50 50 50 53 53 53 53 50 50 50 50 50 50 61 56 56 56 56 56 56 56 56 56 56 
56 56 56 56 56 56 56 56 56 62 50 54 61 56 62 50 50 50 50 50 50 50 50 50 50 50 50 50 50 50 50 50 50 50 50 50 50 50 50 50 50 50 50 50 50 50 50 50 50 50 50 50 50 50 50 50 50 50 50 50 50 50 50 50 50 50 50 50 50 51 50 50 50 50 50 50 50 53 53 53 53 53 53 53 53 53 50 50 50 61 56 56 56 56 56 56 56 56 56 56 
56 56 56 56 56 56 56 57 56 62 50 54 61 56 62 50 50 50 50 50 50 50 50 50 50 50 50 50 50 50 50 50 50 50 50 50 50 50 50 50 50 50 50 50 50 50 50 50 50 50 50 50 50 50 50 50 50 50 50 50 50 50 50 50 50 51 50 50 50 50 50 50 50 50 50 50 53 53 53 53 53 53 53 53 53 53 50 50 51 61 56 56 56 56 56 56 56 56 56 56 
56 56 56 56 56 56 56 56 56 62 50 54 61 56 62 50 50 50 50 50 50 50 50 51 50 50 50 51 50 50 50 50 50 50 50 50 50 50 50 50 50 50 50 50 50 50 50 50 50 50 50 50 50 50 50 50 50 50 50 50 50 50 50 50 50 50 50 50 50 50 50 50 50 50 50 53 53 53 53 53 53 53 53 53 53 53 53 50 50 61 56 56 56 56 56 56 56 56 56 56 
56 56 56 56 56 56 56 56 56 62 50 54 61 56 68 59 59 59 59 59 59 59 59 59 59 59 59 59 59 59 59 59 59 59 59 59 59 59 59 59 59 59 59 59 59 59 59 59 59 59 60 50 50 50 50 50 50 50 50 50 50 50 50 50 50 50 50 50 50 50 50 50 50 50 53 53 53 53 50 50 50 50 50 53 53 53 53 50 50 61 56 56 56 56 56 56 56 56 56 56 
56 56 56 56 56 56 56 56 56 62 50 50 61 56 56 56 56 56 56 56 56 56 56 56 56 56 56 56 56 56 56 56 56 56 56 56 56 56 56 56 56 56 56 56 56 56 56 56 56 56 62 50 50 50 50 50 50 50 50 50 50 50 50 50 50 50 50 50 50 50 50 51 50 53 53 53 53 50 51 70 50 50 50 53 53 53 53 50 50 61 56 56 56 56 56 56 56 56 56 56 
56 56 56 56 56 56 56 56 56 62 50 50 61 56 56 56 56 56 56 56 56 56 56 56 56 56 56 56 56 56 56 56 56 56 56 56 56 56 56 56 56 56 56 56 56 56 56 56 56 56 68 60 50 50 50 50 50 50 50 50 50 50 50 50 50 50 51 50 50 50 50 50 53 53 53 53 50 50 50 50 50 50 50 50 53 53 53 53 51 61 56 56 56 56 56 56 56 56 56 56 
56 56 56 56 56 56 56 56 56 62 50 50 61 56 56 56 56 56 56 56 56 56 56 56 56 56 56 56 56 56 56 56 56 56 56 56 56 56 56 56 56 56 56 56 56 56 56 56 56 56 57 62 50 50 50 50 50 50 50 50 50 50 50 50 50 50 50 50 53 53 53 53 53 53 53 52 50 50 50 50 50 50 50 50 51 53 53 53 53 61 56 56 56 56 56 56 56 56 56 56 
56 56 56 56 56 56 56 56 56 62 50 50 63 64 64 64 64 64 64 64 64 64 64 64 64 64 64 64 64 64 64 64 64 67 56 56 56 56 56 56 56 56 56 56 56 56 56 56 56 56 56 62 50 50 50 50 50 50 50 50 50 50 50 50 50 50 50 50 53 53 53 53 53 53 51 52 50 50 50 51 50 50 50 50 50 50 50 51 53 61 56 56 56 56 56 56 56 56 56 56 
56 56 56 56 56 56 56 56 56 62 50 50 50 50 50 50 50 50 50 50 50 50 50 50 50 50 50 50 50 50 50 50 50 61 56 56 56 56 56 56 56 56 56 56 56 56 56 56 56 56 56 62 50 50 50 50 50 50 50 50 50 50 50 50 50 50 50 50 53 53 53 53 53 53 53 53 50 50 50 50 50 50 50 50 50 51 50 50 53 61 56 56 56 56 56 56 56 56 56 56 
56 56 56 57 56 56 56 56 56 62 50 50 50 50 50 50 50 50 50 50 50 50 50 50 50 50 50 50 50 50 50 50 50 63 64 64 64 64 64 64 64 64 64 64 64 64 64 64 67 56 56 68 59 60 50 50 50 50 50 50 50 50 50 50 50 50 50 50 53 53 53 53 53 52 53 52 50 50 50 50 50 50 50 52 50 50 50 50 53 61 56 56 56 56 56 56 56 56 56 56 
56 56 56 56 56 56 56 57 56 62 50 50 50 50 50 50 50 50 50 50 50 50 50 50 50 50 50 50 50 50 50 50 50 50 50 50 50 50 50 50 50 50 50 50 50 50 50 50 61 56 56 56 56 68 59 59 60 50 50 50 50 50 50 50 50 51 50 50 53 53 53 53 53 52 52 52 52 50 50 52 52 52 52 52 52 52 50 53 53 61 56 56 56 56 56 56 56 56 56 56 
56 56 56 56 56 56 56 56 56 62 50 50 50 50 46 44 44 47 50 50 50 50 50 50 50 50 50 50 50 50 50 50 50 50 50 50 50 50 50 50 50 50 50 50 50 50 50 50 63 67 56 56 56 57 56 56 68 59 59 60 50 50 50 50 50 50 50 50 50 53 53 53 53 50 50 52 52 52 52 52 52 52 52 50 50 50 50 50 50 61 56 56 56 56 56 56 56 56 56 56 
56 56 56 56 56 56 56 56 56 62 50 50 50 50 42 55 55 43 47 50 50 50 50 50 50 50 50 50 50 50 50 50 50 50 50 50 50 50 50 50 50 50 50 50 50 50 50 50 50 61 57 56 56 56 56 56 56 56 56 62 50 50 50 50 50 50 50 50 50 53 53 53 53 50 50 52 52 52 52 52 52 52 50 50 50 50 50 50 50 61 56 56 56 56 56 56 56 56 56 56 
56 56 56 56 56 56 56 56 56 62 50 50 50 50 42 55 55 55 43 44 44 44 44 44 44 44 44 44 44 44 44 44 44 47 50 50 50 50 50 50 50 50 50 50 50 50 50 51 50 63 64 64 64 67 56 56 56 56 56 68 59 59 60 50 50 50 50 50 50 53 53 53 50 50 50 51 50 50 50 50 50 50 50 51 50 50 50 50 50 61 56 56 56 56 56 56 56 56 56 56 
56 56 56 56 56 56 56 56 56 62 50 50 50 50 42 55 55 55 55 55 55 55 55 55 55 55 55 55 55 55 55 55 55 41 50 50 50 50 50 50 50 50 50 50 50 50 50 50 50 50 50 50 50 63 64 64 64 67 56 56 56 56 68 60 50 50 50 51 50 50 53 53 50 50 50 50 50 50 50 50 50 50 50 50 50 50 50 50 50 61 56 56 56 56 56 56 56 56 56 56 
56 56 56 56 56 56 56 56 56 62 50 50 50 50 42 55 55 55 38 39 39 39 39 39 39 39 39 39 39 39 39 40 55 41 50 50 50 50 50 50 50 50 50 50 50 50 50 50 50 50 50 50 50 50 50 50 50 63 64 64 67 56 56 62 50 50 50 50 50 50 53 53 50 50 50 50 50 51 50 50 50 50 50 50 50 50 50 50 50 61 56 56 56 56 56 56 56 56 56 56 
56 56 56 56 56 57 56 56 56 62 50 50 50 50 42 55 55 55 41 50 50 50 50 50 50 50 50 50 50 50 50 42 55 41 50 50 50 50 50 50 50 50 50 50 50 50 50 50 50 50 50 50 50 50 50 50 50 50 50 50 63 67 56 62 50 50 50 50 50 50 53 53 50 51 50 50 50 50 50 50 50 50 50 50 50 50 50 50 50 61 56 57 56 56 56 56 56 56 56 56 
56 56 56 56 56 56 56 56 56 62 50 50 50 50 42 55 38 39 49 50 50 51 50 50 50 50 50 50 50 50 50 42 55 41 50 50 50 50 50 50 50 50 50 50 50 50 50 50 50 50 50 50 50 50 50 50 50 50 50 50 50 61 56 62 50 50 50 50 50 50 53 53 50 50 50 50 50 50 50 50 50 50 50 50 50 50 50 50 50 61 56 56 56 56 56 56 56 56 56 56 
56 56 56 56 56 56 56 56 56 62 50 50 50 50 42 55 41 51 50 50 50 50 50 50 50 50 50 50 50 50 50 42 55 41 50 50 50 50 50 50 50 50 50 50 50 50 50 50 50 50 50 50 50 50 50 50 50 50 50 50 50 61 56 62 50 50 50 50 50 50 51 53 50 50 50 50 50 50 50 50 50 51 50 50 50 50 50 50 50 61 56 56 56 56 56 56 56 56 56 56 
56 56 56 56 56 56 56 56 56 62 50 50 50 50 48 39 49 50 50 50 50 50 50 50 50 50 50 50 50 50 50 42 55 41 50 50 50 50 50 50 50 50 50 50 50 50 50 50 50 50 50 50 50 50 50 50 50 50 50 50 50 61 56 68 59 60 50 50 50 50 50 50 50 50 50 50 50 50 50 50 50 50 50 50 50 50 50 50 50 61 56 56 56 57 56 56 56 56 56 56 
56 56 56 56 56 56 56 56 56 62 50 50 50 50 50 50 50 50 50 50 50 50 50 50 50 51 50 50 50 50 50 42 55 41 50 50 50 50 50 50 50 50 50 50 50 51 50 50 50 50 50 50 50 50 50 50 50 50 50 58 59 69 56 56 56 68 59 60 50 50 50 50 50 50 50 50 50 50 50 51 50 50 50 50 50 50 50 50 50 61 56 56 56 56 56 56 56 56 56 56 
56 56 56 56 56 56 56 56 56 62 50 50 50 50 50 50 50 50 50 50 50 50 50 50 50 50 50 50 50 50 50 42 55 41 50 50 50 50 50 50 50 50 50 50 50 50 50 50 50 50 50 50 50 50 50 50 50 50 50 61 56 56 57 56 57 56 56 62 50 50 51 50 50 50 50 50 50 50 50 50 50 50 50 50 50 50 50 50 50 61 56 56 56 56 56 56 56 56 56 56 
56 56 56 56 56 56 56 56 56 62 50 50 50 50 50 50 50 50 50 50 50 50 50 50 50 50 50 50 50 50 50 42 55 41 50 50 50 50 50 50 50 50 50 50 50 50 50 50 50 50 50 50 50 50 50 50 50 50 50 61 57 56 56 56 56 56 56 68 59 60 50 50 50 51 50 50 50 50 50 50 50 50 50 50 50 50 50 50 50 61 56 56 56 56 56 57 56 56 56 56 
56 56 56 57 56 56 56 56 56 62 50 50 50 50 50 50 50 50 50 50 50 50 50 50 50 50 50 50 50 51 50 48 39 49 50 50 50 50 50 50 50 50 50 50 50 50 50 50 50 50 50 50 50 50 50 50 50 50 50 61 56 56 56 56 56 56 56 56 56 62 50 50 50 50 50 50 50 50 50 50 50 50 50 50 51 50 50 50 50 61 56 56 56 56 56 56 56 56 56 56 
56 56 56 56 56 56 56 56 56 62 50 50 50 50 50 50 50 50 50 50 50 50 50 50 50 50 50 50 50 50 50 50 50 50 50 50 50 50 50 50 50 50 50 50 50 50 50 50 50 50 50 50 50 50 50 50 50 50 50 63 64 64 67 56 56 56 56 56 56 62 50 50 50 50 50 50 50 50 50 50 50 50 50 50 50 50 50 50 51 61 57 56 56 56 56 56 56 56 56 56 
56 56 56 56 56 56 56 56 56 62 50 50 50 50 50 51 50 50 50 50 50 50 50 50 50 50 50 50 50 50 50 50 50 50 50 50 50 50 50 50 50 50 50 50 50 50 50 50 50 50 51 50 50 50 50 50 50 50 50 50 50 50 61 56 56 56 56 56 56 68 60 50 50 50 50 50 50 50 50 50 50 50 50 50 50 50 50 50 50 61 56 56 56 56 56 56 56 56 56 56 
56 56 56 56 56 56 56 56 56 62 50 50 50 50 50 50 50 50 50 50 50 50 50 50 50 50 50 50 50 50 50 50 50 50 50 50 50 50 50 50 50 50 50 50 50 50 50 50 50 50 50 50 50 50 50 50 50 50 50 50 50 50 61 56 56 56 56 56 56 56 62 50 50 50 50 50 50 50 50 50 50 53 50 50 50 50 50 50 50 61 56 56 56 56 56 56 56 56 56 56 
56 56 56 56 56 56 56 57 56 62 50 50 50 50 50 50 50 50 50 50 50 50 50 51 50 50 50 50 50 50 50 50 50 50 50 50 50 50 50 50 50 50 50 50 50 50 50 50 50 50 50 50 50 50 50 50 50 50 50 50 50 50 63 64 64 64 64 64 67 56 62 50 50 50 50 50 50 50 50 50 50 50 50 50 50 50 50 50 50 61 56 56 56 56 56 56 56 56 56 56 
56 56 56 56 56 56 56 56 56 62 50 50 50 50 50 50 50 50 50 50 50 50 50 50 50 50 50 50 50 50 50 50 50 50 50 50 50 51 50 50 50 50 50 50 50 50 50 50 50 50 50 50 50 50 50 50 50 50 50 50 50 50 50 50 50 50 50 50 61 56 68 59 60 50 50 51 50 50 50 50 50 50 50 50 50 50 50 50 50 61 56 56 56 56 56 56 56 56 56 56 
56 56 56 56 56 56 56 56 56 62 50 50 50 50 51 50 50 50 50 50 50 50 50 50 50 50 50 50 50 50 50 50 50 50 50 50 50 50 50 50 50 50 50 50 50 50 50 50 50 50 50 50 50 50 50 50 50 50 50 50 50 50 50 50 50 50 50 50 61 56 56 57 62 50 50 50 50 50 51 50 50 50 50 50 50 50 50 50 50 61 56 56 56 56 56 56 56 56 56 56 
56 56 56 56 56 56 56 56 56 62 50 50 50 50 50 50 50 50 50 50 50 50 50 50 50 50 50 50 50 50 50 50 50 50 50 50 50 50 50 50 50 50 50 50 50 50 50 50 50 50 50 50 50 50 50 50 50 50 50 50 50 50 50 50 50 51 50 50 61 56 56 56 62 50 50 50 50 50 50 52 50 50 50 50 50 50 50 50 50 61 56 56 56 56 56 57 56 56 56 56 
56 56 56 56 56 56 56 56 56 62 50 50 50 50 50 50 50 50 50 50 50 50 50 50 50 50 50 50 50 50 50 50 50 50 50 50 50 50 50 50 50 50 50 50 50 50 53 53 53 50 50 50 50 50 50 50 50 50 50 50 50 50 50 50 50 50 50 50 63 64 64 64 65 50 50 50 50 50 52 53 53 50 50 50 53 50 50 50 50 61 56 56 56 56 56 56 56 56 56 56 
56 56 56 57 56 56 56 56 56 62 50 50 50 50 50 50 50 50 50 50 50 50 50 50 50 50 50 50 50 50 50 50 50 50 50 50 50 50 50 50 50 50 50 50 50 50 53 53 53 50 51 50 50 50 50 50 50 50 50 50 50 50 50 50 50 50 50 50 50 50 50 50 50 50 50 50 50 50 50 50 50 50 50 50 50 50 50 50 50 61 56 56 56 56 56 56 56 56 56 56 
56 56 56 56 56 56 56 56 56 62 50 50 50 50 50 50 50 50 50 50 50 50 50 50 50 50 50 50 50 50 50 50 50 50 50 50 50 50 50 50 50 50 50 50 50 50 53 53 53 50 50 50 50 50 50 50 50 50 50 50 50 50 50 50 50 50 50 50 50 50 50 50 50 50 50 50 50 50 50 50 50 50 50 50 50 50 50 50 50 61 56 56 56 56 56 56 56 56 56 56 
56 56 56 56 56 56 56 56 56 62 50 50 50 50 50 50 50 50 50 50 50 50 50 50 50 50 50 50 50 50 50 50 50 50 50 50 50 50 50 50 50 50 50 50 50 53 53 53 53 50 50 50 50 50 50 50 50 50 50 50 50 50 50 50 50 50 50 50 50 50 50 50 50 50 50 50 50 50 50 50 50 50 50 50 50 50 50 50 50 61 56 57 56 56 56 56 56 56 56 56 
56 56 56 56 56 56 56 56 56 62 50 50 50 51 50 50 50 50 50 50 50 50 50 50 50 50 50 50 50 50 50 50 50 51 50 50 50 51 50 50 50 50 50 50 53 53 53 53 53 53 50 50 50 50 50 50 50 50 50 50 50 50 50 50 50 50 50 50 50 50 50 50 50 50 50 50 50 50 50 50 50 50 50 50 50 50 50 50 50 61 56 56 56 56 56 56 56 56 56 56 
56 56 56 56 56 56 56 56 56 62 50 50 50 50 50 50 50 50 50 50 50 50 50 50 50 50 50 50 50 50 50 50 50 50 50 50 50 50 50 50 50 50 50 50 53 53 53 53 53 53 53 50 50 50 50 50 50 50 50 50 50 50 50 50 50 50 50 50 50 50 50 50 50 50 50 50 50 50 50 50 50 50 50 50 50 50 50 50 50 61 56 56 56 56 56 56 56 56 56 56 
56 56 56 56 56 56 56 56 56 62 50 50 50 50 50 51 50 50 51 50 53 58 59 59 59 59 59 59 59 59 59 59 59 59 59 59 59 59 59 59 59 59 60 53 51 50 50 50 50 50 51 50 50 50 50 50 50 50 50 51 50 50 50 51 50 50 50 51 53 50 50 50 51 50 50 50 50 50 50 50 50 58 59 59 59 59 59 59 59 69 56 56 56 56 56 56 56 56 56 56  
56 56 56 56 56 56 56 56 56 62 50 50 50 50 50 50 50 50 50 50 50 61 56 56 56 56 56 56 56 56 56 56 56 56 56 56 56 56 56 56 56 56 62 50 50 50 50 50 50 50 50 50 50 50 50 50 50 50 50 50 50 50 50 50 50 51 50 50 50 50 50 50 50 51 50 50 50 50 51 50 50 61 56 56 56 56 56 56 56 56 56 56 56 56 56 56 56 56 56 56    
56 56 56 56 56 56 56 56 56 62 50 51 50 50 50 50 51 50 50 50 50 61 56 56 56 56 56 56 56 56 56 56 56 56 56 56 56 56 56 56 56 56 62 50 50 50 50 50 50 50 50 50 50 50 50 50 50 50 50 50 50 50 50 50 50 50 50 50 50 50 50 50 50 50 50 50 50 50 50 50 50 61 56 56 56 56 56 56 56 56 56 56 56 56 56 56 56 56 56 56   
56 56 56 56 56 56 56 56 56 68 59 59 59 59 59 59 59 59 59 59 59 69 56 56 56 56 56 56 56 56 56 56 56 56 56 56 56 56 56 56 56 56 68 59 59 59 59 59 59 59 59 59 59 59 59 59 59 59 59 59 59 59 59 59 59 59 59 59 59 59 59 59 59 59 59 59 59 59 59 59 59 69 56 56 56 56 56 56 56 56 56 56 56 56 56 56 57 56 56 56   
56 56 56 56 56 57 56 56 56 56 56 56 56 56 56 56 56 56 56 56 56 56 56 56 56 56 56 56 56 56 56 56 56 56 56 56 56 56 56 56 56 56 56 56 56 56 56 56 56 56 56 56 56 56 56 56 56 56 56 56 56 56 56 56 56 56 56 56 56 56 56 57 56 56 56 56 56 56 56 56 56 56 56 56 56 56 57 56 56 56 56 56 56 56 56 56 56 56 56 56  
56 56 56 56 56 56 56 56 56 57 56 56 56 56 56 56 56 56 56 56 56 56 56 56 56 56 56 56 57 56 56 56 56 56 56 56 56 56 56 56 56 56 56 56 56 56 56 56 56 56 56 57 56 56 56 56 56 56 57 56 56 56 56 56 56 57 56 56 56 56 56 56 56 56 56 56 56 56 56 56 56 56 56 56 56 56 56 56 56 56 56 56 56 56 57 56 56 56 56 56   
56 56 56 56 56 56 56 56 56 56 56 56 56 56 56 56 56 57 56 56 56 56 56 56 56 56 56 56 56 56 56 56 56 56 57 56 56 56 56 56 56 56 57 56 56 56 56 56 56 56 56 56 56 56 56 56 56 56 56 56 56 56 56 56 56 56 56 56 56 56 56 56 56 56 56 56 56 56 56 56 56 56 57 56 56 56 56 56 56 56 56 56 56 56 56 56 56 56 56 56  
56 56 56 57 56 56 56 56 56 56 56 56 56 56 56 56 56 56 56 56 56 56 56 56 56 56 56 56 56 56 56 56 56 56 56 56 56 56 56 56 56 56 56 56 56 56 56 56 56 56 56 56 56 56 56 56 56 56 56 56 56 56 56 56 56 56 56 56 57 56 56 56 56 56 56 56 57 56 56 56 56 56 56 56 56 56 56 56 56 57 56 56 56 56 56 56 56 56 56 56   
56 56 56 56 56 56 56 56 56 57 56 56 56 57 56 56 56 57 56 56 56 56 56 56 56 57 56 56 56 56 56 57 56 56 56 56 56 56 56 56 56 56 56 56 56 56 56 56 57 56 56 56 56 56 56 56 56 56 56 56 57 56 56 56 56 56 56 56 56 56 56 56 56 56 56 56 56 56 56 56 56 56 56 56 56 56 56 56 56 56 56 56 56 56 56 56 56 56 56 56  
56 56 56 56 56 56 56 56 56 56 56 56 56 56 56 56 56 56 56 56 56 56 56 56 56 56 56 56 56 56 56 56 56 56 56 56 56 56 56 56 56 56 56 56 56 56 56 56 56 56 56 56 56 56 56 56 56 56 56 56 56 56 56 56 56 56 56 56 56 56 56 56 56 56 56 56 56 56 56 56 56 56 56 56 56 56 56 56 56 56 56 56 56 56 56 56 56 56 56 56   
56 56 56 56 56 56 56 56 56 56 56 56 56 56 56 56 56 56 56 56 56 56 56 56 56 56 56 56 56 56 56 56 56 56 56 56 56 56 56 56 56 56 56 56 56 56 56 56 56 56 56 56 56 56 56 56 56 56 56 56 56 56 56 56 56 56 56 56 56 56 56 56 56 56 56 56 56 56 56 56 56 56 56 56 56 56 56 56 56 56 56 56 56 56 56 56 56 56 56 56 