136 136 136 136 136 136 136 136 136 136 136 136 136 136 136 136 136 136 136 136 136 136 136 136 136 136 137 136 136 136 136 136 136 136 136 136 136 136 136 136 136 136 136 136 136 136 136 136 136 136 136 136 136 136 136 136 136 136 136 136 136 136 136 136 136 136 136 136 136 136 136 136 136 136 136 136 136 136 136 136 136 136 137 136 136 136 136 136 136 136 136 136 136 136 136 136 136 136 136 136 
136 136 136 136 136 136 136 136 136 137 136 136 136 136 136 136 136 136 137 136 137 136 136 136 136 136 136 136 136 136 136 136 136 136 136 137 136 136 136 136 136 136 136 136 136 136 136 136 136 136 136 136 136 136 136 136 137 136 136 136 136 136 136 136 136 137 136 136 136 136 137 136 136 136 136 136 136 136 136 136 136 136 137 136 136 137 136 136 136 136 136 136 136 136 136 136 136 136 136 136 
136 136 136 136 136 137 136 136 136 136 136 136 136 136 136 137 136 136 136 136 136 136 136 136 136 136 136 136 136 136 137 136 136 136 136 136 136 136 136 137 136 136 136 137 136 136 136 136 137 136 136 136 137 137 136 136 136 136 136 136 136 137 136 136 136 136 136 136 136 136 136 136 136 136 136 137 136 137 136 136 136 136 136 136 136 136 136 136 136 136 136 136 136 137 136 136 136 136 137 136 
136 136 137 136 136 136 136 136 136 136 136 136 136 136 136 136 136 136 136 136 136 136 136 136 136 136 136 136 136 136 136 136 136 136 136 136 136 136 136 136 136 136 136 136 136 136 136 136 136 136 136 136 136 136 136 136 136 136 136 136 136 136 136 136 136 136 136 136 136 136 136 136 136 136 136 136 136 136 136 136 136 136 136 136 136 136 136 136 137 136 136 136 136 136 136 136 136 136 136 136 
136 136 136 136 136 136 136 136 136 136 136 136 136 136 136 136 136 137 136 136 136 136 136 136 136 136 137 136 136 136 136 136 137 136 136 137 136 136 136 136 136 137 136 136 136 136 136 136 136 136 136 136 136 136 136 136 136 137 136 136 136 136 136 136 136 136 137 136 136 136 136 137 136 137 136 136 136 136 137 136 136 137 136 136 136 136 137 136 136 136 136 136 136 136 136 136 136 136 136 136 
136 137 136 136 136 136 136 136 136 136 136 136 136 136 137 136 136 136 136 136 137 136 136 136 136 136 136 136 136 136 136 136 136 136 136 136 136 136 136 136 136 136 136 136 136 136 136 136 136 136 136 136 136 137 136 136 136 136 136 136 136 137 136 136 136 136 136 136 136 136 136 136 136 136 136 136 136 136 136 136 136 136 136 136 136 136 136 136 136 136 136 136 136 136 136 136 136 136 136 136 
136 136 136 136 137 136 136 136 136 136 136 136 136 136 136 136 137 136 136 136 136 136 136 136 136 136 136 136 136 136 136 136 136 136 136 136 136 136 136 136 136 136 136 136 136 136 137 136 136 136 136 136 136 136 136 136 136 136 136 136 136 136 136 136 136 136 136 136 136 136 136 136 136 136 136 136 136 136 136 136 136 136 136 136 136 136 136 136 136 136 136 136 136 136 136 136 136 136 137 136 
136 136 136 136 136 136 136 136 136 132 130 130 130 130 130 130 130 130 130 130 130 130 130 130 130 130 130 130 130 130 130 130 130 130 130 130 130 130 130 130 130 130 130 130 130 130 130 130 130 130 130 130 130 130 130 130 130 130 130 130 130 130 130 130 130 130 130 130 130 130 130 130 130 130 130 130 130 130 130 130 130 130 130 130 130 130 130 130 130 130 133 136 136 136 136 136 136 136 136 136 
136 136 136 136 136 136 136 136 136 128 110 110 110 110 110 110 110 110 110 110 110 110 110 110 110 110 110 110 110 110 110 110 110 110 110 110 110 110 110 110 110 110 110 110 110 110 110 110 110 110 110 110 110 110 110 110 110 110 110 110 110 110 110 110 110 110 110 110 110 110 110 110 110 110 110 110 110 110 110 110 110 110 110 110 110 110 110 110 110 110 127 136 136 136 136 136 136 136 136 136
136 136 136 136 136 136 136 136 136 128 111 110 110 110 110 110 110 110 110 110 110 110 110 110 110 111 110 110 110 111 110 110 110 110 110 110 110 110 110 110 110 110 110 110 110 110 110 110 110 110 110 110 110 110 110 110 110 110 110 110 110 110 110 110 110 110 110 110 110 110 110 110 110 110 110 110 110 110 110 110 110 110 110 110 110 110 110 110 110 110 127 136 136 137 136 136 136 136 136 136 
136 136 137 136 136 136 136 137 136 128 110 110 110 110 110 110 110 110 111 110 110 110 110 110 110 110 110 110 110 110 110 110 110 110 110 110 110 110 110 110 110 110 110 110 110 110 110 111 110 111 110 110 110 110 111 110 110 110 110 110 110 110 111 110 110 110 110 110 110 110 110 110 110 110 110 111 110 110 110 111 110 110 110 110 110 110 110 110 110 110 127 136 136 136 136 136 136 136 136 136
136 136 136 136 136 136 136 136 136 128 110 110 110 110 110 110 110 110 110 110 110 110 110 110 110 110 110 110 110 110 110 110 110 110 110 110 110 110 110 110 110 110 110 110 110 110 110 110 110 110 110 110 110 110 110 110 110 110 110 110 110 110 110 110 110 110 110 110 110 111 110 110 110 110 110 110 110 110 110 110 110 110 110 110 110 110 110 110 110 110 127 136 136 136 136 136 136 136 136 136 
136 136 136 136 136 136 136 136 136 128 110 110 110 111 110 110 110 110 110 110 110 110 110 110 110 110 110 110 110 110 110 110 110 110 110 111 110 110 110 110 110 110 110 110 110 110 110 110 110 110 110 110 110 110 110 110 110 110 110 110 110 110 110 110 110 111 110 110 110 110 110 110 110 110 110 110 110 110 110 110 110 110 110 110 110 110 111 110 110 110 127 136 136 136 136 136 136 136 136 136
136 136 136 136 137 136 136 136 136 128 110 110 110 110 110 110 110 110 110 110 110 111 110 110 110 110 110 110 110 111 110 110 110 110 110 110 110 110 110 110 110 110 111 110 110 110 110 110 110 110 110 110 110 110 110 110 110 110 110 111 110 110 110 110 110 110 110 110 110 110 111 110 110 110 110 110 110 110 110 110 110 111 110 110 110 110 110 110 110 110 127 136 136 137 136 136 136 136 136 136 
136 137 136 136 136 136 136 136 136 128 110 110 110 110 110 110 110 110 110 110 110 110 110 110 110 110 110 110 110 110 110 110 110 110 110 110 110 110 110 110 111 110 110 110 110 110 110 110 110 110 110 110 110 110 110 110 110 110 110 110 110 110 110 110 110 110 110 110 110 110 110 110 110 110 110 110 111 110 110 110 110 110 110 110 110 110 110 110 110 110 127 136 136 136 136 137 136 136 136 136 
136 136 136 136 136 136 136 136 136 128 110 110 110 110 110 110 110 110 110 110 110 110 110 110 110 110 110 110 110 110 110 110 110 110 110 110 110 110 110 110 110 110 110 110 110 110 110 110 110 110 110 110 110 110 110 110 110 110 110 110 110 110 110 110 110 110 110 110 110 110 110 110 110 110 110 110 110 110 110 110 110 110 110 110 110 110 110 110 110 110 127 136 136 136 136 136 136 136 136 136
136 136 136 136 136 136 136 136 136 128 110 111 110 110 110 110 110 110 110 110 110 110 110 110 110 110 110 110 110 110 110 110 110 110 110 110 110 110 110 110 110 110 110 110 110 110 110 110 110 110 110 110 110 110 110 110 110 110 110 110 110 110 110 110 110 111 110 110 110 110 110 110 110 110 110 110 110 110 110 110 110 110 110 110 110 110 110 110 110 110 127 136 136 136 136 136 136 136 136 136
136 136 136 136 136 136 137 137 136 128 110 110 110 110 110 110 110 110 110 110 110 111 110 110 110 110 110 110 110 110 110 110 110 110 110 110 110 110 110 110 110 110 110 110 110 111 110 110 111 110 110 111 110 110 110 110 110 110 110 110 110 110 110 110 110 110 110 110 111 110 110 110 110 110 110 110 110 110 110 110 110 110 110 110 110 110 110 110 110 110 127 136 136 136 136 136 136 136 136 136
136 136 136 136 136 136 136 136 136 128 110 110 110 110 110 110 110 111 110 110 110 110 110 110 110 110 110 110 110 110 110 110 111 110 110 110 110 110 110 110 110 110 110 110 110 110 110 110 110 110 110 110 110 110 110 110 110 110 110 110 110 110 110 110 110 110 110 110 110 110 110 110 110 110 110 110 110 110 110 111 110 110 110 110 110 110 110 110 110 110 127 136 136 136 136 136 137 136 136 136
136 136 136 137 136 136 136 136 136 128 110 110 110 110 110 110 110 110 110 110 110 110 110 110 110 110 111 110 110 110 110 110 110 110 110 110 110 111 110 110 110 110 110 110 110 110 110 110 110 110 110 110 110 110 110 110 110 110 110 110 111 110 110 110 110 110 110 110 110 110 110 110 110 110 110 110 110 110 110 110 110 110 110 111 110 110 110 111 110 110 127 136 136 136 136 136 136 136 136 136 
136 136 136 136 136 136 136 136 136 128 110 110 110 110 110 111 110 110 110 110 110 110 110 110 110 110 110 110 110 110 110 110 110 110 110 110 110 110 110 110 110 110 110 110 110 110 110 110 110 110 110 110 110 110 110 110 110 110 110 110 110 110 110 110 110 110 110 110 110 110 110 111 110 110 110 110 110 110 110 110 110 110 110 110 110 110 110 110 110 110 127 136 136 136 136 136 136 136 136 136 
136 136 136 136 136 136 136 136 136 128 110 110 110 110 110 110 110 110 110 110 110 110 110 110 110 110 110 110 110 110 110 110 110 110 110 110 110 110 110 110 110 110 110 110 110 110 110 110 110 110 110 110 110 110 110 110 110 110 110 110 110 110 110 110 110 110 110 110 110 110 110 110 110 110 110 110 110 110 110 110 110 110 110 110 110 110 110 110 110 110 127 136 136 136 136 136 136 136 136 136 
136 136 136 137 136 136 136 137 136 128 110 110 110 110 110 110 110 110 110 110 110 110 110 111 110 110 110 110 110 110 110 110 110 110 110 110 110 110 110 110 110 110 110 110 110 110 110 110 110 110 110 110 110 110 110 110 110 110 110 110 110 110 110 110 110 110 110 110 110 110 110 110 110 110 110 110 110 110 110 110 110 110 110 110 110 110 110 110 110 110 127 136 137 136 136 136 136 136 136 136
136 136 136 136 136 136 136 136 136 128 110 110 111 110 110 111 110 110 110 110 110 110 110 110 110 110 110 110 110 110 110 110 110 110 110 110 110 110 110 110 110 110 110 110 110 110 110 110 110 110 110 110 110 110 110 110 110 110 110 110 110 110 110 110 110 110 110 110 110 110 110 110 110 110 110 110 110 111 110 110 111 110 110 110 110 110 110 110 110 110 127 136 136 136 136 136 136 136 136 136 
136 136 136 136 136 136 136 136 136 128 110 110 110 110 110 110 110 110 110 110 110 110 110 110 110 110 110 110 110 110 110 110 110 110 110 110 110 110 110 110 110 110 110 110 110 110 110 110 110 110 110 110 110 110 110 110 110 110 110 110 110 110 110 110 110 110 110 110 110 110 110 110 110 110 110 110 110 110 110 110 110 110 110 110 110 110 110 110 110 110 127 136 136 136 136 136 136 136 136 136
136 137 136 136 136 136 136 136 136 128 110 110 110 110 110 110 110 110 110 110 110 110 110 110 110 110 110 110 110 110 110 110 110 110 110 110 110 110 110 110 111 110 110 110 110 110 110 110 110 110 110 110 110 110 110 110 110 110 110 110 110 110 110 110 110 110 110 110 110 110 110 110 110 110 110 110 110 110 110 110 110 110 110 110 110 110 110 110 111 110 127 136 136 136 136 136 136 136 136 136
136 136 136 136 136 137 136 136 136 128 110 110 110 110 110 110 110 110 110 110 110 110 110 110 110 110 110 110 110 110 110 110 111 110 110 110 110 111 110 110 110 110 110 110 110 110 110 110 110 110 110 110 110 110 110 110 110 110 110 110 110 110 110 110 110 110 110 111 110 110 110 110 111 110 110 110 110 110 110 110 110 110 110 110 110 110 110 110 110 110 127 136 136 136 137 136 136 136 136 136
136 136 136 136 136 136 137 136 136 128 110 110 110 110 110 110 110 110 110 110 111 110 110 110 110 110 110 110 110 110 110 110 110 110 110 110 110 110 110 110 110 110 110 110 110 110 110 110 110 110 110 110 110 110 110 110 110 110 110 110 110 110 110 110 110 110 110 110 110 110 110 110 110 110 110 110 110 110 110 110 110 110 110 110 110 110 110 110 110 110 127 136 136 136 136 136 136 136 136 136 
136 136 136 136 136 136 137 136 136 128 110 110 110 110 110 110 110 110 111 110 110 110 110 110 110 110 110 110 110 110 110 110 110 110 110 110 110 110 110 110 110 110 110 110 110 110 110 110 110 110 110 110 110 110 110 110 110 110 110 110 110 110 110 110 110 110 110 110 110 110 110 110 110 110 110 110 110 110 110 111 110 110 110 110 110 110 111 110 110 110 127 136 136 136 136 136 136 136 136 136 
136 136 136 136 136 137 136 136 136 128 110 110 111 110 110 110 110 110 110 110 110 110 110 110 110 110 110 110 110 110 110 110 110 110 110 110 110 110 110 110 111 110 110 110 110 110 110 110 110 110 110 110 110 110 110 110 110 110 110 110 110 110 110 110 110 110 110 110 110 110 110 110 110 110 110 110 110 110 110 110 110 110 110 110 111 110 110 110 110 110 127 136 136 136 136 136 136 136 136 136
136 136 136 136 137 136 136 136 136 128 110 110 110 111 110 111 110 110 110 110 110 110 110 110 110 110 110 110 110 110 111 110 110 110 110 110 110 110 110 110 110 110 110 110 110 110 110 110 110 110 110 110 110 110 110 110 110 110 110 110 110 110 110 110 110 110 110 110 110 110 110 110 110 110 110 110 110 110 110 110 110 110 110 110 110 110 110 110 110 110 127 136 136 136 136 136 136 136 137 136
136 136 136 136 136 136 136 136 136 128 110 110 110 110 110 110 110 110 110 110 110 110 110 110 110 110 110 110 110 110 110 110 110 110 110 110 110 110 110 110 110 110 110 110 110 110 110 110 110 110 110 110 110 110 110 110 110 110 110 110 110 110 110 110 110 110 110 110 110 110 111 110 110 110 110 110 110 110 110 110 110 110 110 110 110 110 110 110 110 110 127 136 136 136 136 136 136 136 136 136
136 136 136 136 136 136 136 136 136 128 110 110 110 110 110 110 110 110 110 110 110 110 110 110 110 110 110 110 110 110 110 110 110 110 110 110 110 110 110 110 110 110 110 110 110 110 110 110 110 110 110 110 110 110 110 110 110 110 110 110 110 110 110 110 110 110 110 110 110 110 110 110 110 110 110 110 110 110 110 110 110 110 110 110 110 110 110 110 110 110 127 136 136 136 136 136 136 136 136 136
136 136 136 136 137 136 136 136 136 128 110 110 110 110 110 110 110 110 110 110 110 110 110 110 110 110 110 110 110 110 110 110 110 110 110 110 110 110 110 110 110 110 110 110 110 110 110 110 110 110 110 110 110 110 110 110 110 110 110 110 110 110 110 110 110 110 110 111 110 110 110 110 110 110 110 110 110 110 110 110 110 110 110 110 110 110 110 110 110 110 127 136 136 136 136 136 136 137 136 136 
136 136 137 136 136 136 136 136 136 128 110 110 110 111 110 110 110 110 110 110 110 110 110 110 110 110 110 110 110 110 110 110 110 110 110 110 110 110 110 110 110 110 110 110 110 110 110 110 110 110 110 110 110 110 110 110 110 110 110 110 110 110 110 111 110 110 110 110 110 110 110 110 110 110 110 110 111 110 110 110 110 110 110 110 110 110 110 110 110 110 127 136 136 136 136 136 136 136 136 136 
136 136 136 136 136 136 136 136 136 128 110 110 110 110 110 110 110 110 110 110 110 110 110 110 110 110 110 110 110 110 110 110 110 110 110 110 111 110 110 111 110 110 110 110 110 110 110 110 110 110 110 110 110 110 110 110 110 110 110 110 110 110 110 110 110 110 110 110 110 110 111 110 110 110 110 110 110 110 110 110 110 110 110 110 110 110 110 110 111 110 127 136 136 136 136 136 137 136 136 136 
136 136 136 136 136 136 136 136 136 128 110 110 110 110 110 110 110 110 110 110 110 110 110 110 110 110 110 110 110 110 111 110 110 110 110 110 110 110 110 110 110 110 110 110 110 110 110 110 110 110 110 110 110 110 110 110 110 110 110 110 110 110 110 110 110 110 110 110 110 110 110 110 110 110 110 110 110 110 110 111 110 110 110 110 110 110 110 110 110 110 127 136 136 136 136 136 136 136 136 136
136 136 136 136 136 136 137 136 136 128 110 110 110 110 110 110 110 110 110 110 110 110 110 110 110 110 110 110 110 110 110 110 110 110 110 110 110 110 110 110 110 110 110 110 110 110 110 110 110 110 110 110 110 110 110 110 110 110 110 110 110 110 110 110 110 111 110 110 110 110 110 110 110 110 110 110 110 110 110 110 110 110 110 110 111 110 110 110 110 111 127 136 136 136 136 136 136 136 136 136
136 136 136 136 137 136 136 136 136 128 110 111 110 110 110 110 110 110 110 110 110 110 110 110 110 110 110 110 110 110 110 110 110 110 110 110 110 110 110 110 110 110 110 110 110 110 110 110 110 110 110 110 110 110 110 110 110 110 110 110 110 110 110 110 110 110 110 110 110 110 110 110 110 110 110 110 110 110 110 110 110 110 110 110 110 110 110 111 110 110 127 136 136 136 136 136 136 136 136 136
136 136 136 136 136 136 136 136 136 128 110 110 110 110 110 110 110 110 110 110 110 110 110 110 111 110 110 110 110 110 110 110 110 110 110 110 110 110 110 110 110 110 110 110 110 110 110 110 110 110 110 110 110 110 110 110 110 110 110 110 110 110 110 110 110 110 110 110 110 110 110 110 110 110 110 110 111 110 110 110 110 110 110 110 110 110 110 110 110 110 127 136 136 136 136 136 136 136 136 136
136 136 136 136 136 136 136 136 136 128 110 110 110 110 110 110 110 110 110 111 110 110 110 110 110 110 110 110 110 110 110 110 110 110 110 110 110 110 110 110 110 110 110 110 110 110 110 110 110 110 110 110 110 110 110 110 110 110 110 110 110 110 110 110 110 110 110 110 110 110 110 110 110 110 110 110 110 110 110 110 110 110 110 110 110 110 110 110 110 110 127 136 136 137 136 136 136 136 136 136 
137 136 136 136 136 136 136 136 136 128 110 110 110 110 110 110 110 110 110 110 110 110 110 110 110 110 110 110 110 110 110 110 110 110 110 110 110 110 110 110 110 110 110 110 110 110 110 110 110 110 110 110 110 110 110 110 110 110 110 110 110 110 110 110 110 110 110 110 110 110 110 110 110 110 110 110 110 110 110 111 110 110 110 110 110 110 110 110 110 110 127 136 136 136 136 136 136 136 136 136
136 136 136 136 136 136 136 136 136 128 110 110 110 110 110 110 111 110 110 110 110 110 110 110 110 110 110 110 110 110 110 110 110 110 110 110 110 110 110 111 110 110 110 110 110 110 110 110 110 110 110 110 110 110 110 110 110 110 110 110 110 110 110 110 110 110 110 110 111 110 110 110 110 110 110 110 110 110 110 110 110 110 110 110 110 110 110 111 110 110 127 136 136 136 136 136 136 136 136 136 
136 136 136 137 136 137 136 136 136 128 110 110 110 110 110 110 110 110 110 110 110 110 110 110 111 110 110 110 110 110 110 110 110 110 110 110 111 110 110 110 110 110 110 110 110 110 110 110 110 110 110 110 110 110 110 110 110 110 110 110 110 110 110 110 110 111 110 110 110 110 110 110 110 110 110 111 110 110 110 110 110 110 110 110 110 110 110 110 110 110 127 136 136 136 136 136 136 136 136 136 
136 136 136 136 136 136 136 136 136 128 110 110 110 110 110 110 110 110 110 110 110 110 110 110 110 110 110 110 110 110 110 110 110 110 110 110 110 110 110 110 110 110 110 110 110 110 110 110 110 110 110 110 110 110 110 110 110 110 110 110 110 110 110 110 110 110 110 110 110 110 110 110 110 110 110 110 110 110 110 110 110 110 111 110 110 110 110 110 110 110 127 136 136 136 136 136 136 136 136 136
136 136 136 136 136 136 136 136 136 128 110 110 110 110 110 110 110 110 110 110 110 110 110 110 110 110 110 110 110 110 110 110 110 110 110 110 110 110 110 110 110 110 110 110 110 110 110 110 110 110 110 110 110 110 110 110 110 110 110 110 110 110 110 110 110 110 110 110 110 110 110 111 110 110 110 110 110 110 110 110 110 110 110 110 110 110 110 110 110 110 127 136 136 137 136 136 136 136 136 136 
136 137 136 136 136 136 136 136 136 128 110 111 110 110 110 110 110 110 110 110 110 110 110 110 110 110 110 111 110 111 110 110 110 110 110 110 110 110 110 110 110 110 110 110 110 110 110 110 110 110 110 110 110 110 110 110 110 110 110 110 110 110 110 110 110 110 110 110 110 110 110 110 110 110 110 110 111 110 110 110 110 110 110 110 110 110 110 110 110 110 127 136 136 136 136 136 136 136 136 136 
136 137 136 136 136 136 136 136 137 128 110 110 110 110 110 110 110 110 110 110 110 110 110 111 110 110 110 110 110 110 110 110 110 110 110 110 110 110 110 110 110 110 110 110 110 110 110 110 110 110 110 110 110 110 110 110 110 110 110 110 110 110 110 110 110 110 110 110 110 110 110 110 110 110 110 110 110 110 110 110 110 110 110 110 110 110 110 110 110 110 127 136 136 136 136 136 136 136 136 136
136 136 136 136 136 136 136 136 136 128 110 110 110 110 110 110 110 110 110 110 110 110 110 110 110 110 110 110 110 110 110 110 110 110 110 111 110 110 110 110 110 110 110 110 110 110 110 110 110 110 110 110 110 110 110 110 110 110 110 110 110 110 110 110 110 111 110 110 110 110 110 110 110 110 110 110 110 110 110 110 111 110 110 110 110 110 110 110 110 110 127 136 136 136 136 136 137 136 136 136
136 137 136 136 136 136 136 136 136 128 110 110 110 110 110 110 110 110 110 110 110 110 110 110 110 110 110 110 110 110 110 110 110 110 110 110 110 110 110 111 110 110 110 110 110 110 110 110 110 110 110 110 110 110 110 110 110 110 110 110 110 110 110 110 110 110 110 110 110 110 110 110 110 110 110 110 110 110 110 110 110 110 110 110 110 110 110 110 110 110 127 136 136 136 136 136 136 136 136 136 
136 136 136 137 136 136 136 136 136 128 110 110 110 111 110 110 110 110 110 110 110 110 110 110 110 110 110 110 110 110 110 110 110 110 110 110 110 110 110 110 110 110 110 110 110 110 110 110 110 110 110 110 110 110 110 110 110 110 110 110 110 110 110 110 110 110 110 111 110 110 110 110 110 110 110 110 110 110 110 110 110 110 110 110 110 110 110 110 110 110 127 136 136 136 136 136 136 136 136 136 
136 136 136 136 136 136 136 136 136 128 110 110 110 110 110 110 110 110 110 110 110 110 110 111 110 110 110 110 110 110 110 110 110 110 110 110 110 110 110 110 110 110 110 110 110 110 110 110 110 110 110 110 110 110 110 110 110 110 110 110 110 110 110 110 110 110 110 110 110 110 110 110 110 110 110 110 110 110 110 110 110 110 110 110 110 110 110 110 110 110 127 136 136 136 136 136 136 136 136 136 
136 136 136 136 136 136 136 136 136 128 110 110 110 110 110 110 110 110 110 110 110 111 110 110 110 110 110 110 110 110 110 110 110 110 110 110 110 110 110 110 110 111 110 110 110 110 110 110 110 110 110 110 110 110 110 110 110 110 110 110 110 110 110 110 110 110 110 110 110 110 110 110 110 110 110 110 110 110 110 110 110 110 110 111 110 110 110 110 110 110 127 136 136 136 136 136 136 136 136 136 
136 136 136 136 136 136 136 136 136 128 110 110 110 110 110 110 110 110 110 110 110 110 110 110 110 110 110 111 110 110 110 110 110 110 110 110 110 110 110 110 110 110 110 110 110 110 110 110 110 110 110 110 110 110 110 110 110 110 110 110 110 110 110 110 111 110 110 110 110 110 110 110 110 110 110 110 110 110 110 110 110 110 110 110 110 110 110 110 110 110 127 136 136 136 136 136 136 136 136 137 
136 136 137 136 136 136 136 136 136 128 110 110 110 110 110 110 110 110 110 110 110 110 110 110 110 110 110 110 110 110 110 110 110 110 110 110 110 110 110 110 110 110 110 110 110 110 110 110 110 110 110 110 110 110 110 110 110 110 110 110 110 110 110 110 110 110 110 110 110 110 110 110 110 110 110 110 110 110 110 110 110 110 110 110 110 110 110 110 110 110 127 136 136 136 136 136 136 136 136 136 
136 136 136 136 136 136 136 136 136 128 110 110 110 110 110 110 110 110 110 110 110 110 110 110 110 110 110 110 110 110 110 110 110 111 110 110 110 110 110 110 110 110 110 110 110 110 110 110 110 110 110 110 110 110 110 110 110 110 110 110 110 110 110 110 110 110 110 111 110 110 110 110 110 110 110 110 110 110 111 110 110 110 110 110 110 110 110 110 110 110 127 136 136 136 136 136 136 136 136 136
136 136 136 136 136 136 136 136 136 128 110 110 110 110 110 110 110 110 110 110 110 110 110 110 110 110 110 110 110 110 111 110 110 110 110 110 110 110 110 110 110 110 110 110 110 110 110 110 110 110 110 110 110 110 110 110 110 110 110 110 110 110 110 110 110 110 110 110 110 110 110 110 110 110 110 110 110 110 110 110 110 110 110 110 110 110 110 111 110 110 127 136 136 136 136 136 136 136 136 136
136 136 136 136 136 136 136 136 136 128 110 110 110 110 110 110 110 110 110 110 110 110 110 110 110 110 110 110 110 110 110 110 110 110 110 110 110 110 110 110 110 110 110 110 110 110 110 110 110 110 110 110 110 110 110 110 110 110 110 110 110 110 110 110 111 110 110 110 110 110 110 111 110 110 110 110 110 110 110 110 110 110 110 110 110 110 110 110 110 110 127 136 136 137 136 136 136 136 136 136 
136 136 136 136 137 136 136 137 136 128 110 110 110 110 110 110 111 110 110 111 110 110 110 110 110 110 110 111 110 110 110 110 110 110 110 110 110 110 110 110 110 110 110 110 110 110 110 110 110 110 110 110 110 110 110 110 110 110 110 110 110 110 110 110 110 110 110 110 110 110 110 110 110 110 110 110 110 110 110 110 111 110 110 110 110 110 110 110 110 110 127 136 136 136 136 136 136 136 136 136 
136 136 136 136 136 136 136 136 136 128 110 110 110 111 110 110 110 110 110 110 110 110 110 110 110 110 110 110 110 110 110 110 110 110 110 110 110 110 110 110 110 110 110 110 110 110 110 110 110 110 110 110 110 110 110 110 110 110 110 110 110 110 110 110 110 110 110 110 111 110 110 110 110 110 110 110 110 110 110 110 110 110 110 111 110 110 110 110 110 110 127 136 136 136 136 136 136 136 136 136 
136 137 136 136 136 136 136 136 136 128 110 110 110 110 110 110 110 110 110 110 110 110 110 110 110 110 110 110 110 110 110 110 110 110 110 110 110 110 110 110 110 110 110 110 110 110 110 110 110 110 110 110 110 110 110 110 110 110 110 110 110 110 110 110 110 110 110 110 110 110 110 110 110 110 110 110 110 110 110 110 110 110 110 110 110 110 110 110 110 110 127 136 136 136 136 136 136 136 136 136 
136 136 136 136 136 136 136 136 136 128 110 110 110 110 110 110 110 110 110 110 110 110 110 110 110 110 110 110 110 110 110 110 110 110 110 110 110 110 110 110 110 110 111 110 110 110 110 110 110 110 110 110 110 110 110 110 110 110 110 110 110 110 110 110 110 110 110 110 110 110 110 110 110 110 110 110 110 110 110 110 110 110 110 110 110 111 110 110 110 110 127 136 136 136 136 137 136 136 136 136
136 136 136 136 136 136 136 136 136 128 110 111 110 110 110 110 110 110 110 110 110 110 110 110 110 110 110 110 110 110 110 110 110 111 110 110 110 110 110 110 110 110 110 110 110 110 110 110 111 110 110 110 111 110 110 110 110 110 110 110 110 110 110 110 110 110 110 110 110 110 110 110 110 110 110 110 110 110 110 110 110 110 110 110 110 110 110 110 110 110 127 136 136 136 136 136 136 136 136 136 
136 136 136 136 136 136 136 136 136 128 110 110 110 110 110 110 110 110 110 110 110 110 110 110 110 110 110 110 110 110 110 110 110 110 110 110 110 110 111 110 110 110 110 110 110 110 110 110 110 110 110 110 110 110 110 110 110 110 110 110 110 110 110 111 110 110 110 110 110 110 110 110 110 110 110 110 110 110 110 110 111 110 110 110 110 110 110 110 110 110 127 136 136 136 136 136 136 136 136 136 
136 136 136 136 136 136 136 136 136 128 110 110 110 110 110 110 110 110 110 110 110 110 110 110 110 110 110 110 110 110 110 110 110 110 110 110 110 110 110 110 110 110 110 110 110 110 110 110 110 110 110 110 110 110 110 110 110 110 110 110 110 110 110 110 110 110 110 110 110 110 110 110 110 110 110 110 110 110 110 110 110 110 110 110 110 110 110 110 110 110 127 136 136 136 136 136 136 136 136 136 
136 136 136 136 136 136 136 136 136 128 110 110 110 111 110 110 110 110 110 110 110 110 110 110 110 110 110 110 110 110 110 110 110 110 110 110 110 110 110 110 110 111 110 110 110 110 110 110 110 110 110 110 110 110 110 110 110 110 110 110 110 110 110 110 110 110 110 110 110 110 110 110 110 110 110 110 110 110 111 110 110 110 110 110 110 110 110 110 110 110 127 136 136 136 136 136 137 136 136 136 
136 136 136 136 136 136 136 136 136 128 110 110 110 110 110 110 110 110 110 110 111 110 110 111 110 110 110 110 110 110 110 110 110 110 110 110 110 110 110 110 110 110 110 110 110 110 110 110 110 110 110 110 110 110 110 110 110 110 110 110 110 110 110 110 110 110 110 110 110 110 110 110 110 110 110 110 110 110 110 110 110 110 110 110 110 110 110 110 110 110 127 136 136 136 136 136 136 136 136 136
136 136 136 136 136 136 136 136 136 128 110 110 110 110 110 110 110 110 110 110 110 110 110 110 110 110 110 110 110 110 110 110 110 110 110 110 110 110 110 110 110 110 110 110 110 110 110 110 110 110 110 110 110 110 110 110 110 110 110 110 110 110 110 110 110 111 110 110 110 110 110 110 110 110 110 110 110 110 110 110 110 110 110 110 110 110 110 110 110 110 127 136 136 136 136 136 136 136 136 136 
136 136 136 136 136 136 136 136 136 128 110 110 110 110 111 110 110 110 111 110 110 110 110 111 110 110 110 110 110 110 110 110 110 110 110 110 110 110 111 110 110 110 110 110 110 110 110 110 110 110 110 110 110 110 110 110 110 110 110 110 110 110 110 110 110 110 110 110 110 110 110 110 110 110 110 110 110 110 110 110 110 110 110 110 110 110 110 110 110 110 127 136 136 136 136 136 136 136 136 136 
136 136 136 136 136 136 136 136 136 128 110 110 110 110 110 110 110 110 110 110 110 110 110 110 110 110 110 111 110 110 110 110 110 110 110 110 110 110 110 110 110 110 110 110 110 110 110 110 110 110 110 110 110 110 110 110 110 110 110 110 110 110 110 110 110 110 110 110 111 110 110 110 110 110 110 110 110 110 110 110 110 110 110 110 110 110 110 110 110 110 127 136 136 136 136 136 136 136 136 136 
136 136 136 136 136 136 136 136 136 128 110 110 110 110 110 110 110 110 110 110 110 110 110 110 110 110 110 110 110 110 110 110 110 110 110 110 110 110 111 110 110 110 110 110 110 110 110 110 110 110 110 110 110 110 110 110 110 110 110 110 110 110 110 110 110 110 110 110 110 110 110 110 110 110 110 110 110 110 110 111 110 110 110 110 110 110 110 110 110 110 127 136 136 137 136 136 136 136 136 136 
136 136 136 137 136 136 136 136 136 128 110 111 110 110 110 110 110 110 110 111 110 110 110 110 110 110 110 110 110 110 110 111 110 110 110 110 110 110 110 110 110 110 110 110 110 110 110 110 110 110 110 110 110 110 110 110 110 110 110 110 110 110 110 110 110 110 110 110 110 110 110 110 110 110 110 110 110 110 110 110 110 110 110 110 110 111 110 110 110 110 127 136 136 136 136 136 136 136 136 136
136 136 136 136 136 136 136 136 136 128 110 110 110 110 110 110 110 110 110 110 110 110 110 110 110 110 110 110 110 110 110 110 110 110 110 110 110 110 110 110 110 110 110 110 110 110 110 110 111 110 110 110 110 110 110 110 110 110 110 110 110 110 110 110 110 110 110 110 110 110 110 110 110 110 110 110 110 110 110 110 110 110 110 110 110 110 110 110 110 110 127 136 136 136 136 136 136 136 136 136
136 136 136 136 136 136 136 136 136 128 110 110 110 111 110 110 110 110 110 110 110 110 110 110 110 110 110 110 110 110 110 110 110 110 110 110 110 110 110 110 110 110 110 110 110 111 110 110 110 110 110 110 110 110 110 110 110 110 110 110 110 110 110 110 110 110 110 110 110 110 110 110 110 110 110 110 110 110 110 110 110 110 110 110 110 110 110 110 110 110 127 136 136 136 136 136 136 136 136 136 
136 136 136 136 136 136 136 137 136 128 110 110 110 110 110 110 111 110 110 110 110 110 110 110 110 110 110 110 110 110 110 110 110 110 110 110 110 110 110 110 111 110 110 110 110 110 110 110 110 110 110 110 110 110 110 110 110 110 110 110 110 110 110 110 110 110 110 110 110 110 110 110 110 110 110 110 110 110 110 110 110 110 110 110 110 110 110 110 110 110 127 136 136 136 136 137 136 136 136 136 
136 136 136 136 136 136 136 136 136 128 111 110 110 110 110 110 110 110 110 110 110 110 110 110 111 110 110 110 110 110 110 110 110 110 110 110 110 110 110 110 110 110 110 110 110 110 110 110 110 110 110 110 110 110 110 111 110 110 110 110 110 110 110 110 110 110 110 110 110 110 110 110 110 110 110 110 110 110 110 110 110 110 110 110 110 110 110 111 110 110 127 136 136 136 136 136 136 136 136 136 
136 136 137 136 136 136 136 136 136 128 110 110 110 110 110 110 110 110 110 110 111 111 110 110 110 110 111 110 110 110 110 110 110 110 110 110 111 110 110 110 110 110 110 110 110 110 110 110 110 110 110 110 110 110 110 110 110 110 110 110 110 110 110 110 110 110 110 110 110 110 110 110 110 110 110 110 110 111 110 110 110 110 110 110 110 110 110 110 110 110 127 136 136 136 136 136 136 136 136 136 
136 136 136 136 136 136 136 136 136 128 110 110 110 110 110 110 110 110 110 110 110 110 110 110 110 110 110 110 110 110 110 111 110 110 110 110 110 110 110 110 110 110 110 110 110 110 110 110 110 110 110 110 110 110 110 110 110 110 110 110 110 110 110 110 110 110 110 110 110 110 110 110 110 110 110 110 110 110 110 110 110 110 110 110 110 110 110 110 110 110 127 136 136 136 136 136 136 136 136 136 
136 136 136 136 136 136 136 136 136 128 110 110 110 110 110 110 110 110 110 110 110 110 110 110 110 110 110 110 110 110 110 110 110 110 110 110 110 110 110 110 110 110 110 110 110 110 110 110 110 110 110 110 110 110 110 110 110 110 110 110 110 110 110 110 110 110 110 110 110 110 110 110 110 110 110 110 110 110 110 110 110 110 110 110 110 110 110 110 110 110 127 136 136 136 136 136 136 137 136 136 
136 137 136 136 136 137 136 136 136 128 110 110 110 110 110 110 110 110 110 110 110 110 110 110 110 110 110 110 110 110 110 110 110 110 110 111 110 110 110 110 111 110 110 110 110 110 110 110 110 110 110 110 110 110 110 110 110 110 110 110 110 110 110 110 110 110 110 110 110 110 110 110 110 110 110 110 110 110 110 110 110 110 110 110 110 110 110 110 110 110 127 136 136 136 136 136 136 136 136 136 
136 136 136 136 136 136 136 136 136 128 110 110 110 110 110 110 110 110 110 110 110 110 110 110 110 110 110 110 110 110 110 110 110 110 110 110 110 110 110 110 110 110 110 110 110 110 110 110 110 110 110 110 110 110 110 110 110 110 110 110 110 110 110 110 110 110 110 110 110 110 110 110 110 110 110 110 110 110 110 110 110 110 110 110 110 110 110 110 110 110 127 136 136 136 136 136 136 136 136 136 
136 136 136 136 136 136 136 137 136 128 110 110 110 110 110 110 110 110 110 110 110 110 110 110 110 110 110 110 110 110 110 110 110 110 110 110 110 110 110 110 110 110 110 110 110 110 110 110 110 111 110 110 110 110 110 110 111 110 110 110 110 110 110 110 110 110 110 110 110 110 110 110 110 110 110 110 110 110 110 110 110 110 110 110 110 110 110 110 110 110 127 136 136 136 136 136 136 136 136 136 
136 136 136 136 136 136 136 136 136 128 110 110 110 110 110 110 110 110 110 110 110 110 110 110 110 110 110 110 110 110 110 110 110 110 110 110 110 110 110 110 110 110 110 110 110 110 110 110 110 110 110 110 110 110 110 110 110 110 110 110 110 110 110 110 110 110 110 110 110 110 110 110 110 110 110 110 110 110 110 110 110 110 110 110 110 110 110 110 110 110 127 136 137 136 136 136 136 136 136 136
136 136 136 136 136 136 136 136 136 128 110 110 110 110 110 111 110 110 110 110 110 110 110 110 110 110 110 110 110 110 110 110 110 110 110 110 110 110 111 110 110 110 110 110 110 110 110 110 110 110 110 110 110 110 110 110 110 110 110 110 110 110 110 110 110 110 110 110 110 110 110 110 110 110 110 110 110 110 110 110 110 110 110 110 110 110 110 110 110 110 127 136 136 136 136 136 136 136 136 136 
136 136 136 136 136 136 136 136 136 128 110 110 110 110 110 110 110 110 110 110 110 110 110 110 110 110 110 110 110 110 110 110 110 110 110 110 110 110 110 110 110 110 110 110 110 110 110 110 110 110 110 110 110 110 110 110 110 110 110 110 110 110 110 110 110 110 110 110 110 110 110 110 110 110 110 110 110 110 110 110 110 110 110 110 110 110 110 110 110 110 127 136 136 136 137 136 136 136 136 136
136 136 136 136 136 137 136 136 136 128 110 110 111 110 110 110 110 110 110 110 110 110 110 110 110 110 110 110 110 110 110 110 110 110 110 110 110 110 110 110 110 110 110 110 110 110 110 110 110 110 110 110 110 110 110 111 110 110 110 110 110 110 110 110 110 110 110 110 110 110 110 110 110 110 110 110 110 110 110 110 110 110 110 110 110 110 110 110 110 110 127 136 136 136 136 136 136 136 136 136 
136 136 136 137 136 136 136 136 136 128 110 110 110 110 110 110 110 110 110 110 110 110 110 110 110 110 110 110 110 110 110 110 110 110 110 110 110 110 110 110 110 110 110 110 110 110 110 110 110 110 111 110 110 110 110 110 110 110 110 110 110 110 110 110 110 110 110 110 110 110 110 110 110 110 110 110 110 110 110 110 110 110 110 110 110 110 110 110 110 110 127 136 136 136 136 136 136 136 136 136 
136 136 136 136 136 136 136 136 136 128 110 110 110 110 110 110 110 110 111 110 110 110 110 110 110 110 110 110 110 111 110 110 110 110 110 110 110 110 110 110 110 110 110 110 110 110 110 110 110 110 110 110 110 110 110 110 110 110 110 110 110 110 110 110 110 110 110 110 110 110 110 110 110 110 110 110 110 110 110 110 110 110 110 110 110 110 110 110 110 110 127 136 136 136 136 136 136 136 136 136 
136 136 136 136 136 136 136 136 136 128 110 110 110 110 110 110 110 110 110 110 110 110 110 111 110 110 110 110 110 110 110 110 110 110 110 110 110 110 110 110 110 110 110 110 110 110 110 110 110 110 110 110 110 110 110 110 110 110 110 110 110 110 110 110 110 110 110 110 110 110 110 110 110 110 110 110 110 110 110 110 110 110 110 110 110 110 110 110 110 110 127 136 137 136 136 136 136 137 136 136 
136 137 136 136 136 136 136 136 136 128 110 110 110 110 110 110 110 110 110 110 110 110 110 110 110 110 110 110 110 110 110 110 110 110 110 110 110 110 110 110 110 110 110 110 110 110 110 110 110 110 110 111 110 110 110 110 110 110 110 110 110 110 110 110 110 110 110 110 110 110 110 110 110 110 110 110 110 110 110 110 110 110 110 110 110 110 110 110 110 110 127 136 136 136 136 136 136 136 136 136 
136 136 136 136 136 136 136 136 136 128 110 110 110 110 110 111 110 110 110 110 110 110 110 110 110 110 110 110 110 110 110 110 110 110 110 110 110 110 110 110 110 110 110 110 110 110 110 110 110 110 110 110 110 110 110 110 110 110 110 110 110 110 110 110 110 110 110 110 110 110 110 110 110 110 110 110 110 110 110 110 110 110 110 110 110 110 110 110 110 110 127 136 136 136 136 136 136 136 136 136 
136 136 136 136 136 136 136 136 136 128 110 110 111 110 110 110 110 110 110 110 110 110 110 110 110 110 110 110 110 110 110 110 110 110 110 110 110 110 110 110 110 110 110 110 110 110 110 110 110 110 110 110 110 110 110 110 110 110 110 110 110 110 110 110 110 110 110 110 110 110 110 110 110 110 110 110 110 110 110 110 110 110 110 110 110 110 110 110 110 110 127 136 136 136 136 136 136 136 136 136 
136 136 136 137 136 136 136 136 136 134 125 125 125 125 125 125 125 125 125 125 125 125 125 125 125 125 125 125 125 125 125 125 125 125 125 125 125 125 125 125 125 125 125 125 125 125 125 125 125 125 125 125 125 125 125 125 125 125 125 125 125 125 125 125 125 125 125 125 125 125 125 125 125 125 125 125 125 125 125 125 125 125 125 125 125 125 125 125 125 125 135 136 136 136 136 136 136 136 136 136 
136 136 136 136 136 136 136 136 136 136 136 136 136 136 136 136 136 136 136 137 136 136 136 136 136 136 136 136 136 136 137 136 136 136 136 136 136 136 136 136 136 136 136 136 136 137 136 136 136 136 136 137 136 136 136 137 136 136 136 137 136 136 136 136 136 136 136 136 136 136 137 136 136 136 136 136 136 136 137 136 136 136 136 136 136 136 136 136 136 136 136 136 136 136 136 137 136 136 136 137 
136 136 137 136 136 136 136 137 136 136 137 136 136 136 136 137 136 136 136 136 136 136 136 136 137 136 136 136 136 136 136 136 136 136 137 136 136 136 136 136 137 136 136 136 136 136 136 136 136 136 136 136 136 136 136 136 136 137 136 136 136 136 136 137 136 136 136 136 136 136 136 136 136 136 137 136 136 136 136 136 136 136 136 136 136 136 136 136 136 137 136 136 136 136 136 136 136 136 136 136 
136 136 136 136 136 136 136 136 136 136 136 136 136 136 136 136 136 136 136 136 136 136 136 136 136 136 136 137 136 136 136 136 136 136 136 136 136 137 136 136 136 136 136 136 136 136 136 136 136 137 136 136 136 137 136 136 136 136 136 136 136 137 136 136 136 136 136 136 137 136 136 136 136 136 136 136 136 136 136 136 136 136 136 136 136 136 136 136 136 136 136 136 136 136 136 136 136 137 136 136 
136 136 136 136 136 136 136 136 136 136 136 136 136 136 136 136 136 136 136 137 136 136 136 136 136 136 136 136 136 136 137 136 136 136 136 136 136 136 136 136 136 136 136 137 136 136 136 136 136 136 136 136 136 136 136 136 136 137 136 136 136 136 136 136 136 137 136 136 136 136 136 136 136 136 136 136 137 136 136 136 136 136 136 136 136 136 136 136 136 136 136 136 137 136 136 136 136 136 136 136 
136 136 136 136 137 136 136 136 136 136 136 137 136 136 136 136 136 136 136 136 136 137 136 136 136 136 136 136 136 136 136 136 136 136 136 136 136 136 137 136 136 136 136 136 136 136 137 136 136 136 136 136 136 136 136 136 136 136 136 136 136 136 136 136 136 136 136 136 136 136 137 136 136 136 136 136 136 136 136 136 136 136 136 136 136 136 136 136 136 137 136 136 136 136 136 136 136 136 136 136 
136 136 136 136 136 136 136 136 136 136 136 136 136 136 137 136 136 136 136 136 136 136 136 136 136 136 136 137 136 136 136 136 136 136 136 136 136 136 136 136 136 136 136 136 136 136 136 136 136 136 137 136 136 136 136 137 136 136 136 136 137 136 136 136 136 136 136 136 136 136 136 136 136 137 136 136 136 136 136 137 136 136 136 136 136 136 136 136 136 136 136 136 136 136 137 136 136 136 137 136 
136 136 136 136 136 136 136 136 136 136 136 136 136 136 136 136 136 136 136 136 136 136 136 136 136 136 136 136 136 136 136 136 136 136 137 136 136 136 136 136 136 136 136 136 136 136 136 136 136 136 136 136 136 136 136 136 136 136 136 136 136 136 136 137 136 136 136 136 136 136 136 136 136 136 136 136 136 136 136 136 136 136 136 136 136 136 136 136 136 136 136 136 136 136 136 136 136 136 136 136 