196 196 196 196 196 196 196 196 196 196 196 196 196 196 196 196 196 196 196 196 196 196 196 196 196 196 196 196 196 196 196 196 196 196 196 196 196 196 196 196 196 196 196 196 196 196 196 196 196 196 196 196 196 196 196 196 196 196 196 196 196 196 196 196 196 196 196 196 196 196 196 196 196 196 196 196 196 196 196 196 196 196 196 196 196 196 196 196 196 196 196 196 196 196 196 196 196 196 196 196 
196 196 196 196 196 196 196 196 196 196 196 196 196 196 196 196 196 196 196 196 196 196 196 196 196 196 196 196 196 196 196 196 196 196 196 196 196 196 196 196 196 196 196 196 196 196 196 196 196 196 196 196 196 196 196 196 196 196 196 196 196 196 196 196 196 196 196 196 196 196 196 196 196 196 196 196 196 196 196 196 196 196 196 196 196 196 196 196 196 196 196 196 196 196 196 196 196 196 196 196 
196 196 196 196 196 196 196 196 196 196 196 196 196 196 196 196 196 196 196 196 196 196 196 196 196 196 196 196 196 196 196 196 196 196 196 196 196 196 196 196 196 196 196 196 196 196 196 196 196 196 196 196 196 196 196 196 196 196 196 196 196 196 196 196 196 196 196 196 196 196 196 196 196 196 196 196 196 196 196 196 196 196 196 196 196 196 196 196 196 196 196 196 196 196 196 196 196 196 196 196 
196 196 196 196 196 196 196 196 196 196 196 196 196 196 196 196 196 196 196 196 196 196 196 196 196 196 196 196 196 196 196 196 196 196 196 196 196 196 196 196 196 196 196 196 196 196 196 196 196 196 196 196 196 196 196 196 196 196 196 196 196 196 196 196 196 196 196 196 196 196 196 196 196 196 196 196 196 196 196 196 196 196 196 196 196 196 196 196 196 196 196 196 196 196 196 196 196 196 196 196 
196 196 196 196 196 196 196 196 196 196 196 196 196 196 196 196 196 196 196 196 196 196 196 196 196 196 196 196 196 196 196 196 196 196 196 196 196 196 196 196 196 196 196 196 196 196 196 196 196 196 196 196 196 196 196 196 196 196 196 196 196 196 196 196 196 196 196 196 196 196 196 196 196 196 196 196 196 196 196 196 196 196 196 196 196 196 196 196 196 196 196 196 196 196 196 196 196 196 196 196 
196 196 196 196 196 196 196 196 196 196 196 196 196 196 196 196 196 196 196 196 196 196 196 196 196 196 196 196 196 196 196 196 196 196 196 196 196 196 196 196 196 196 196 196 196 196 196 196 196 196 196 196 196 196 196 196 196 196 196 196 196 196 196 196 196 196 196 196 196 196 196 196 196 196 196 196 196 196 196 196 196 196 196 196 196 196 196 196 196 196 196 196 196 196 196 196 196 196 196 196 
196 196 196 196 196 196 196 196 196 196 196 196 196 196 196 196 196 196 196 196 196 196 196 196 196 196 196 196 196 196 196 196 196 196 196 196 196 196 196 196 196 196 196 196 196 196 196 196 196 196 196 196 196 196 196 196 196 196 196 196 196 196 196 196 196 196 196 196 196 196 196 196 196 196 196 196 196 196 196 196 196 196 196 196 196 196 196 196 196 196 196 196 196 196 196 196 196 196 196 196 
196 196 196 196 196 196 196 196 196 196 196 196 196 196 196 196 196 196 196 196 196 196 196 196 196 196 196 196 196 196 196 196 196 196 196 196 196 196 196 196 196 196 196 196 196 196 196 196 196 196 196 196 196 196 196 196 196 196 196 196 196 196 196 196 196 196 196 196 196 196 196 196 196 196 196 196 196 196 196 196 196 196 196 196 196 196 196 196 196 196 196 196 196 196 196 196 196 196 196 196  
186 186 186 186 186 186 186 186 186 196 196 186 186 186 186 186 186 186 186 186 186 186 186 186 186 186 186 186 186 186 186 186 186 186 186 186 186 186 186 186 186 186 186 186 186 186 186 186 186 186 186 186 186 186 186 186 186 186 186 186 186 186 186 186 186 186 186 186 186 186 186 186 186 186 186 186 186 186 186 186 186 186 186 186 186 186 186 196 196 196 196 196 196 196 196 196 196 196 196 196
196 196 196 196 196 196 196 196 196 196 196 200 201 201 201 201 201 201 201 201 201 201 201 201 201 201 201 201 201 201 201 201 201 201 201 201 201 201 201 201 201 201 201 201 201 201 201 201 201 201 201 201 201 201 201 201 201 201 201 201 201 201 201 201 201 201 201 201 201 201 201 201 201 201 201 201 201 201 201 201 201 201 201 201 201 201 201 201 201 202 196 196 196 196 196 196 196 196 196 196 
196 196 196 196 196 196 196 196 196 196 196 203 198 198 199 198 198 198 198 198 198 198 198 198 198 198 199 198 198 198 198 199 198 198 198 198 198 198 198 198 198 198 198 198 198 198 198 198 198 198 198 198 198 198 198 198 198 198 198 198 198 198 198 198 198 198 198 198 198 198 198 198 198 198 198 198 198 198 198 198 198 198 198 198 198 198 198 198 198 204 196 196 196 196 196 196 196 196 196 196 
196 196 196 196 196 196 196 196 196 196 196 203 198 198 198 198 198 198 199 198 198 198 198 198 198 198 198 198 198 198 198 198 198 198 198 198 198 198 198 199 198 198 198 198 198 198 198 198 198 198 198 198 198 198 199 198 198 198 198 198 198 198 198 198 198 198 198 198 198 198 198 198 198 198 198 198 198 198 198 198 199 198 198 198 198 199 198 198 198 204 196 196 196 196 196 196 196 196 196 196 
196 196 196 196 196 196 196 196 196 196 196 203 198 198 198 198 198 198 198 198 198 198 198 198 198 198 198 198 198 199 198 198 198 198 198 198 198 198 198 198 198 198 198 198 198 198 198 198 198 198 198 198 198 198 198 198 198 198 198 198 198 198 198 198 198 198 198 198 198 198 198 199 198 198 198 198 199 198 198 198 198 198 198 198 198 198 198 198 199 204 196 196 196 196 196 196 196 196 196 196 
196 196 196 196 196 196 196 196 196 196 196 203 198 198 198 198 198 198 198 198 198 198 198 198 198 198 198 198 198 198 198 198 198 198 198 199 198 198 198 198 198 198 198 199 198 198 198 198 198 198 198 198 198 198 198 198 198 198 198 198 198 198 198 198 198 198 198 198 198 199 198 198 198 198 198 198 198 198 198 198 198 198 198 198 198 198 198 198 198 204 196 196 196 196 196 196 196 196 196 196 
196 196 196 196 196 196 196 196 196 196 196 203 198 198 198 198 198 198 198 198 198 198 198 198 198 199 198 199 198 198 198 198 198 198 198 198 198 198 198 198 198 198 198 198 198 198 198 198 198 198 198 198 198 198 198 198 198 198 198 198 198 198 198 198 198 198 198 198 198 198 198 198 198 198 198 199 198 198 198 198 198 198 198 198 198 198 199 198 198 204 196 196 196 196 196 196 196 196 196 196 
196 196 196 196 196 196 196 196 196 196 196 203 198 198 198 199 198 198 198 198 198 198 198 198 198 198 198 198 198 198 198 198 198 198 198 198 198 198 198 198 198 198 198 198 198 198 198 198 198 198 198 198 198 198 198 198 198 198 198 198 198 198 198 198 198 198 198 198 198 198 198 198 198 198 198 198 198 198 198 198 198 198 198 198 198 198 198 198 198 204 196 196 196 196 196 196 196 196 196 196 
196 196 196 196 196 196 196 196 196 196 196 203 198 198 208 206 206 206 206 206 206 206 206 206 206 206 206 206 206 206 206 206 206 206 206 206 206 206 206 209 208 206 206 206 206 206 206 206 206 206 206 206 206 206 206 206 206 206 206 206 206 206 206 206 206 206 206 206 206 206 206 206 206 206 206 206 206 206 206 206 206 206 206 206 206 206 206 209 198 204 196 196 196 196 196 196 196 196 196 196 
196 196 196 196 196 196 196 196 196 196 196 203 198 198 204 186 186 186 186 186 186 186 186 186 186 186 186 186 186 186 186 186 186 186 186 186 186 186 186 203 204 186 186 186 186 195 186 186 186 186 186 186 186 186 186 195 186 186 186 186 186 186 186 186 186 195 195 186 186 186 186 186 186 186 186 186 186 186 186 186 186 186 186 186 186 186 186 203 198 204 196 196 196 196 196 196 196 196 196 196
196 196 196 196 196 196 196 196 196 196 196 203 198 198 204 186 186 186 186 186 186 186 186 186 186 186 186 186 186 186 186 186 186 186 186 186 186 186 186 203 204 186 186 186 186 186 195 186 186 186 186 186 195 186 186 186 186 186 186 186 186 186 186 186 186 186 195 186 186 186 186 186 186 186 186 186 186 186 186 186 186 186 186 186 186 186 186 203 198 204 196 196 196 196 196 196 196 196 196 196 
196 196 196 196 196 196 196 196 196 196 196 203 198 198 204 186 186 186 186 186 186 186 179 186 186 186 186 186 186 186 179 186 186 186 186 186 186 200 201 211 204 186 186 179 186 186 186 186 186 186 186 179 186 186 186 186 186 186 186 195 186 186 186 186 186 186 186 190 188 188 188 188 188 188 188 188 188 188 191 186 186 186 186 186 186 186 186 203 198 204 196 196 196 196 196 196 196 196 196 196
196 196 196 196 196 196 196 196 196 196 196 203 198 198 204 186 186 195 186 186 186 186 186 186 186 186 186 186 186 186 186 186 186 186 186 186 186 203 198 198 204 186 186 186 186 186 186 186 186 186 186 186 186 186 186 186 186 186 186 186 186 186 186 186 186 186 186 185 180 180 180 180 180 180 180 180 180 180 184 186 186 186 186 186 186 186 186 203 198 204 196 196 196 196 196 196 196 196 196 196 
196 196 196 196 196 196 196 196 196 196 196 203 198 198 204 186 186 186 186 186 186 186 186 186 186 186 186 186 186 186 186 186 186 186 186 186 186 203 198 208 207 186 195 186 186 186 186 186 179 186 186 186 186 186 186 186 186 186 186 186 186 186 186 186 186 186 186 185 180 180 180 180 180 180 180 180 180 180 184 186 186 186 186 186 186 186 186 203 198 204 196 196 196 196 196 196 196 196 196 196
196 196 196 196 196 196 196 196 196 196 196 203 198 198 204 186 186 186 186 186 186 186 186 186 186 186 186 186 186 186 186 186 186 186 186 186 186 203 198 204 186 186 186 186 186 186 186 186 186 186 186 186 186 186 186 186 186 186 186 186 186 186 186 186 186 186 186 185 180 180 180 180 180 180 180 180 180 180 184 186 186 186 186 186 186 186 186 203 198 204 196 196 196 196 196 196 196 196 196 196 
196 196 196 196 196 196 196 196 196 196 196 203 198 198 204 186 186 179 186 186 186 186 186 186 186 186 186 186 186 186 186 186 186 186 186 186 200 211 198 204 186 195 195 186 186 186 186 186 186 195 186 186 190 188 188 188 188 188 188 188 188 188 188 188 188 188 188 189 180 180 180 180 180 180 180 180 180 180 184 186 186 186 186 186 186 186 186 203 198 204 196 196 196 196 196 196 196 196 196 196 
196 196 196 196 196 196 196 196 196 196 196 203 198 198 204 186 186 186 186 186 195 186 186 186 186 186 179 186 186 186 186 186 186 186 186 186 203 198 208 207 195 186 179 186 186 186 186 186 186 186 186 186 185 180 180 180 180 180 180 180 180 180 180 180 180 180 180 180 180 180 180 180 180 180 180 180 180 180 184 186 186 186 186 186 186 186 186 203 198 204 196 196 196 196 196 196 196 196 196 196
196 196 196 196 196 196 196 196 196 196 196 203 198 198 204 186 195 186 186 186 186 186 186 186 186 186 186 186 186 186 186 186 186 186 186 186 203 198 204 186 195 186 186 186 186 186 186 186 186 186 186 186 185 180 181 182 182 182 182 182 182 182 182 182 182 182 182 183 180 180 180 180 180 180 180 180 180 180 184 186 186 186 186 186 186 186 186 203 198 204 196 196 196 196 196 196 196 196 196 196
196 196 196 196 196 196 196 196 196 196 196 203 198 198 204 186 195 186 186 186 186 186 186 186 186 186 186 186 186 186 186 186 186 186 186 186 203 198 204 186 186 186 186 186 186 186 186 186 186 186 186 186 185 180 184 186 186 186 186 186 186 186 186 186 186 186 186 185 180 180 180 180 180 180 180 180 180 180 184 186 186 186 186 186 186 186 186 203 198 204 196 196 196 196 196 196 196 196 196 196
196 196 196 196 196 196 196 196 196 196 196 203 198 198 204 186 186 186 186 186 186 186 186 186 186 186 186 186 186 186 186 186 186 186 186 200 211 208 207 186 186 186 186 186 186 186 186 186 186 186 186 186 185 180 184 186 186 186 186 186 186 186 186 186 186 186 186 185 180 180 180 180 180 180 180 180 180 180 184 186 186 186 186 186 186 186 186 203 198 204 196 196 196 196 196 196 196 196 196 196
196 196 196 196 196 196 196 196 196 196 196 203 198 198 204 186 186 186 186 186 186 186 186 186 186 186 186 186 186 186 186 186 186 186 186 203 198 204 186 186 186 186 186 179 186 186 186 195 186 186 186 186 185 180 184 186 186 186 186 186 186 179 186 186 186 186 186 185 180 180 180 180 180 180 180 180 180 180 184 186 186 186 186 186 186 186 186 203 198 204 196 196 196 196 196 196 196 196 196 196 
196 196 196 196 196 196 196 196 196 196 196 203 198 198 204 186 186 186 186 186 186 186 186 186 186 186 186 186 186 186 186 186 186 200 201 211 198 204 186 186 186 186 186 186 186 186 186 186 186 186 186 186 185 180 184 186 186 186 186 186 186 186 186 186 186 186 186 192 182 182 182 182 182 182 182 182 182 182 193 186 186 186 186 186 186 186 186 203 198 204 196 196 196 196 196 196 196 196 196 196 
196 196 196 196 196 196 196 196 196 196 196 203 198 198 204 186 186 186 186 179 186 186 186 179 186 186 186 179 186 186 186 186 186 203 198 198 198 204 186 186 186 186 186 186 186 186 186 186 186 186 186 186 185 180 184 186 186 186 186 186 186 186 186 186 186 186 186 186 186 186 186 186 186 186 186 186 186 186 186 186 186 186 186 186 186 186 186 203 198 204 196 196 196 196 196 196 196 196 196 196 
196 196 196 196 196 196 196 196 196 196 196 203 198 198 204 186 186 186 186 186 186 186 186 186 186 186 186 186 186 186 186 186 200 211 198 208 206 207 186 186 179 186 186 186 186 186 186 190 188 188 188 188 189 180 184 186 186 179 186 186 186 186 186 186 195 186 186 186 186 186 186 186 186 186 186 186 186 186 186 186 186 186 186 186 186 186 186 203 198 204 196 196 196 196 196 196 196 196 196 196
196 196 196 196 196 196 196 196 196 196 196 203 198 198 204 186 186 186 186 186 186 186 186 186 186 186 186 186 186 186 186 186 203 198 198 204 186 186 186 186 186 186 186 186 186 186 186 185 180 180 180 180 180 180 184 186 186 186 186 186 186 186 195 195 195 186 186 186 186 186 186 186 186 186 186 195 186 186 186 186 186 186 186 186 186 186 186 203 198 204 196 196 196 196 196 196 196 196 196 196 
196 196 196 196 196 196 196 196 196 196 196 203 198 198 204 186 186 186 186 186 186 186 186 186 186 186 186 186 186 186 186 186 203 198 198 204 186 186 186 186 186 186 186 186 186 186 186 185 180 181 182 182 182 182 193 186 186 186 186 186 186 186 186 195 195 186 186 186 186 186 186 179 186 186 186 186 186 186 186 186 186 186 186 186 186 186 186 203 198 204 196 196 196 196 196 196 196 196 196 196
196 196 196 196 196 196 196 196 196 196 196 203 198 198 204 186 186 186 186 186 186 186 186 186 186 186 186 186 186 186 186 200 211 198 198 204 186 186 186 186 186 186 186 186 186 186 186 185 180 184 186 186 186 186 186 186 186 186 186 186 186 186 186 195 195 186 186 186 186 186 186 186 186 186 186 186 186 186 186 186 186 186 186 186 186 186 186 203 198 204 196 196 196 196 196 196 196 196 196 196
196 196 196 196 196 196 196 196 196 196 196 203 198 198 204 186 186 186 186 186 186 186 186 186 186 186 186 186 186 200 201 211 198 198 198 204 186 186 186 186 186 186 186 186 186 186 186 185 180 184 186 186 179 186 186 186 186 186 186 186 186 186 186 195 186 186 186 179 186 186 186 186 186 186 186 186 186 186 186 186 186 186 186 186 186 186 186 203 198 204 196 196 196 196 196 196 196 196 196 196
196 196 196 196 196 196 196 196 196 196 196 203 198 198 204 186 179 186 186 186 186 186 186 186 186 186 186 186 186 203 198 198 198 198 198 204 186 186 186 179 186 186 186 186 186 186 186 185 180 184 186 186 186 186 186 186 186 186 186 186 179 186 186 186 186 186 186 186 186 186 186 195 186 186 186 186 186 186 186 186 186 186 186 186 186 186 186 203 198 204 196 196 196 196 196 196 196 196 196 196 
196 196 196 196 196 196 196 196 196 196 196 203 198 198 204 186 186 186 186 186 186 186 186 186 186 186 186 186 186 203 198 198 198 198 198 204 186 186 186 186 186 186 186 186 186 186 186 185 180 184 186 186 186 186 186 186 186 186 186 186 186 186 186 186 186 186 186 186 186 186 186 186 186 186 186 186 186 186 186 186 186 186 186 186 186 186 186 203 198 204 196 196 196 196 196 196 196 196 196 196 
196 196 196 196 196 196 196 196 196 196 196 203 198 198 204 186 186 186 186 186 179 186 186 186 186 186 186 186 186 203 198 198 198 198 198 204 186 186 186 186 186 186 186 186 186 186 186 185 180 184 186 186 186 186 179 186 186 186 186 186 186 186 186 186 186 179 186 186 186 186 186 186 179 186 186 186 186 186 186 186 186 186 186 186 186 186 186 203 198 204 196 196 196 196 196 196 196 196 196 196
196 196 196 196 196 196 196 196 196 196 196 203 198 198 204 186 186 186 186 186 186 186 186 186 186 186 179 186 186 203 198 198 198 198 198 204 186 186 186 186 186 186 186 186 186 186 186 185 180 184 186 186 186 186 186 186 186 186 186 179 186 186 186 186 186 186 186 186 186 186 186 186 186 186 186 186 186 186 186 186 186 186 186 186 186 186 186 203 198 204 196 196 196 196 196 196 196 196 196 196
196 196 196 196 196 196 196 196 196 196 196 203 198 198 204 186 186 186 186 186 186 186 186 186 186 186 186 186 186 205 206 206 206 206 206 207 186 186 186 186 186 186 179 186 186 186 186 185 180 184 186 186 186 186 186 186 186 186 186 186 186 186 186 186 186 186 186 186 186 186 186 186 186 186 186 186 186 186 186 186 186 186 186 186 186 186 186 203 198 204 196 196 196 196 196 196 196 196 196 196
196 196 196 196 196 196 196 196 196 196 196 203 198 198 204 186 186 179 186 186 186 186 186 186 186 186 186 186 186 186 186 186 186 186 186 186 186 186 186 186 186 186 186 186 186 186 186 185 180 184 186 186 186 186 186 186 186 186 186 186 186 179 186 195 186 186 186 186 186 186 186 186 186 186 186 186 186 186 186 186 186 186 186 186 186 186 186 203 198 204 196 196 196 196 196 196 196 196 196 196
196 196 196 196 196 196 196 196 196 196 196 203 198 198 204 186 186 186 186 186 186 186 186 186 186 186 186 186 186 186 186 186 186 186 186 186 186 179 186 186 186 186 186 186 186 186 186 185 180 184 186 186 186 186 186 186 186 186 186 186 186 186 186 186 186 186 186 186 179 186 186 186 186 186 186 186 179 186 186 186 186 186 186 186 186 186 186 203 198 204 196 196 196 196 196 196 196 196 196 196 
196 196 196 196 196 196 196 196 196 196 196 203 198 198 204 186 186 186 186 186 186 186 186 186 179 186 186 186 186 186 186 186 186 186 186 186 186 186 186 186 186 186 186 186 186 179 186 185 180 184 194 194 186 186 186 186 186 186 186 186 186 186 186 186 186 186 186 186 186 186 186 186 186 186 186 186 186 186 186 186 186 186 186 186 186 186 186 203 198 204 196 196 196 196 196 196 196 196 196 196 
196 196 196 196 196 196 196 196 196 196 196 203 198 198 204 186 186 186 186 186 186 186 186 186 186 186 186 186 186 186 186 186 186 186 186 186 186 186 186 186 186 186 186 186 186 186 186 185 180 184 194 194 186 186 179 186 186 186 186 186 186 186 186 186 186 186 186 186 186 186 186 186 186 186 186 186 186 186 186 186 186 186 186 186 186 186 186 203 198 204 196 196 196 196 196 196 196 196 196 196 
196 196 196 196 196 196 196 196 196 196 196 203 198 198 204 186 186 186 186 186 186 186 186 186 186 186 186 186 179 186 186 186 186 186 186 186 186 186 186 186 186 186 186 186 186 186 186 185 180 184 194 194 186 186 186 186 186 186 186 186 186 186 186 186 186 186 186 186 186 186 186 186 186 186 186 186 186 186 186 186 186 186 186 186 186 186 186 203 198 204 196 196 196 196 196 196 196 196 196 196
196 196 196 196 196 196 196 196 196 196 196 203 198 198 204 186 186 186 186 186 186 186 186 186 186 186 186 186 186 186 186 186 186 186 186 186 186 186 186 186 186 186 186 186 186 186 186 185 180 184 194 194 186 186 186 186 186 186 186 186 186 186 186 186 186 186 186 186 186 179 186 186 186 186 186 186 186 186 186 186 186 186 186 186 186 186 186 203 198 204 196 196 196 196 196 196 196 196 196 196
196 196 196 196 196 196 196 196 196 196 196 203 198 198 204 186 186 186 179 186 186 186 186 186 186 186 186 186 186 186 186 186 186 186 186 186 186 186 186 186 186 186 186 186 186 186 186 185 180 184 194 194 186 186 186 186 186 186 186 186 186 186 186 186 186 186 186 186 186 186 186 186 186 186 186 186 186 186 186 186 186 186 186 186 186 186 186 203 198 204 196 196 196 196 196 196 196 196 196 196
196 196 196 196 196 196 196 196 196 196 196 203 198 198 204 186 186 186 186 186 186 186 186 186 186 186 186 186 186 186 186 186 186 179 186 186 186 186 179 186 186 186 186 186 186 186 186 185 180 184 194 194 186 186 186 186 186 186 186 186 186 186 186 186 186 186 186 186 186 186 186 186 186 186 186 186 186 186 186 186 186 186 186 186 186 186 186 203 198 204 196 196 196 196 196 196 196 196 196 196
196 196 196 196 196 196 196 196 196 196 196 203 198 198 204 186 186 186 186 186 186 179 186 186 186 186 186 186 186 186 186 186 186 186 186 186 186 186 186 186 186 186 186 186 186 186 186 185 180 184 194 194 186 186 186 186 186 186 186 186 186 179 186 186 186 186 186 186 186 186 186 186 186 186 186 186 186 186 186 186 186 186 186 186 186 186 186 203 198 204 196 196 196 196 196 196 196 196 196 196 
196 196 196 196 196 196 196 196 196 196 196 203 198 198 204 186 186 186 186 186 186 186 186 186 186 186 186 186 186 186 186 186 186 186 186 186 186 186 186 186 186 186 186 186 186 186 186 185 180 184 194 194 186 186 186 186 186 186 186 186 186 186 186 186 186 186 186 186 186 186 186 186 186 186 186 186 186 186 186 186 186 186 186 186 186 186 186 203 198 204 196 196 196 196 196 196 196 196 196 196 
196 196 196 196 196 196 196 196 196 196 196 203 198 198 204 186 186 186 186 186 186 186 186 186 186 179 186 186 179 186 186 186 186 186 186 186 186 186 186 186 186 186 186 186 186 186 186 185 180 184 194 194 194 186 186 186 186 186 186 186 186 186 186 186 186 186 186 186 186 186 186 186 186 186 186 186 186 186 186 186 186 186 186 186 186 186 186 203 198 204 196 196 196 196 196 196 196 196 196 196 
196 196 196 196 196 196 196 196 196 196 196 203 198 198 204 186 186 186 186 186 186 186 186 186 186 186 186 186 186 186 186 186 186 186 186 186 186 179 186 186 186 186 186 186 186 186 186 185 180 184 194 194 194 194 194 186 186 186 186 186 186 186 186 186 186 186 186 186 186 186 186 186 186 186 186 186 186 186 186 186 186 186 186 186 186 186 186 203 198 204 196 196 196 196 196 196 196 196 196 196 
196 196 196 196 196 196 196 196 196 196 196 203 198 198 204 186 186 186 186 186 186 186 186 186 186 186 186 186 186 186 186 186 186 186 186 186 186 186 186 186 186 186 186 186 186 186 186 185 180 184 194 194 194 194 194 194 186 186 186 186 186 186 186 186 186 186 186 186 186 186 186 186 186 186 186 186 186 186 186 186 186 186 186 186 186 186 186 203 198 204 196 196 196 196 196 196 196 196 196 196 
196 196 196 196 196 196 196 196 196 196 196 203 198 198 204 186 186 186 186 179 186 186 186 186 186 186 186 186 186 186 186 186 186 186 186 186 186 186 186 186 186 186 186 179 186 186 186 185 180 184 194 194 194 194 194 194 186 186 186 186 186 186 186 186 186 186 186 186 186 186 186 186 186 186 186 186 186 186 186 186 186 186 186 186 186 186 186 203 198 204 196 196 196 196 196 196 196 196 196 196
196 196 196 196 196 196 196 196 196 196 196 203 198 198 204 186 186 186 186 186 186 186 186 186 186 186 186 186 186 186 186 186 186 186 186 186 186 186 186 186 186 186 186 186 186 186 186 185 180 184 186 194 194 194 194 194 194 186 186 186 186 186 186 186 186 186 186 186 186 186 186 186 186 186 186 186 186 186 186 186 186 186 186 186 186 186 186 203 198 204 196 196 196 196 196 196 196 196 196 196
196 196 196 196 196 196 196 196 196 196 196 203 198 198 204 186 186 186 186 186 186 179 186 186 186 186 186 186 186 186 186 186 186 186 186 186 186 186 186 186 186 186 186 186 186 186 190 189 180 187 191 186 186 186 186 200 201 201 201 201 201 201 201 201 201 201 201 201 201 201 201 201 201 201 201 201 201 201 201 201 201 201 201 201 201 201 201 211 198 204 196 196 196 196 196 196 196 196 196 196 
196 196 196 196 196 196 196 196 196 196 196 203 198 198 204 186 186 186 186 186 186 186 186 186 186 186 186 186 186 186 186 186 186 186 186 186 186 186 186 186 186 186 186 186 186 190 189 180 180 180 187 191 186 186 186 203 198 198 198 198 198 198 198 198 198 198 198 198 198 198 198 198 198 198 198 198 198 198 198 198 198 198 198 198 198 198 198 198 198 204 196 196 196 196 196 196 196 196 196 196 
196 196 196 196 196 196 196 196 196 196 196 203 198 198 204 186 186 186 186 186 186 186 186 186 186 186 186 186 186 186 186 186 186 186 186 186 186 186 186 186 186 186 186 186 186 185 180 180 180 180 180 184 186 186 186 203 198 198 198 198 198 198 198 198 198 198 198 198 198 198 198 198 198 198 198 198 198 198 198 198 198 198 198 198 198 198 198 198 198 204 196 196 196 196 196 196 196 196 196 196 
196 196 196 196 196 196 196 196 196 196 196 203 198 198 204 186 179 186 186 186 186 186 186 186 186 186 186 186 186 186 186 186 186 186 186 186 186 186 186 186 186 186 186 186 190 189 180 180 180 180 180 184 186 186 186 203 198 198 198 198 198 198 198 198 198 198 198 198 198 198 198 198 198 198 198 198 198 198 198 198 198 198 198 198 198 198 198 198 198 204 196 196 196 196 196 196 196 196 196 196 
196 196 196 196 196 196 196 196 196 196 196 203 198 198 204 186 186 186 186 186 186 186 186 186 186 186 186 186 186 186 186 186 186 186 186 186 179 186 186 186 186 186 190 188 189 180 180 180 180 180 181 193 186 186 186 203 198 198 198 198 198 198 198 198 198 198 198 198 198 198 198 198 198 198 198 198 198 198 198 198 198 198 198 198 198 198 198 198 198 204 196 196 196 196 196 196 196 196 196 196
196 196 196 196 196 196 196 196 196 196 196 203 198 198 204 186 186 186 186 186 190 188 188 188 188 188 188 188 188 188 188 188 188 188 188 188 188 188 188 188 188 188 189 180 180 180 180 180 180 180 184 186 186 186 186 205 206 206 206 206 206 206 206 206 206 206 206 206 206 206 206 206 206 206 206 206 206 206 206 206 206 206 206 206 206 206 206 206 209 204 196 196 196 196 196 196 196 196 196 196 
196 196 196 196 196 196 196 196 196 196 196 203 198 198 204 186 186 186 186 186 185 180 180 180 180 180 180 180 180 180 180 180 180 180 180 180 180 180 180 180 180 180 180 180 180 180 180 180 180 180 184 186 186 186 186 186 186 186 186 186 186 186 186 186 186 186 186 186 186 186 186 186 186 186 186 186 186 186 186 186 186 186 186 186 186 186 186 200 211 204 196 196 196 196 196 196 196 196 196 196 
196 196 196 196 196 196 196 196 196 196 196 203 198 198 204 186 186 186 186 186 192 182 182 182 182 183 180 181 182 182 182 182 182 182 182 182 182 182 182 182 182 182 182 183 180 180 180 180 180 181 193 186 186 186 186 186 186 186 186 186 179 186 186 186 186 186 186 186 186 186 186 186 186 186 186 186 186 186 186 186 186 179 186 186 186 200 201 211 198 204 196 196 196 196 196 196 196 196 196 196 
196 196 196 196 196 196 196 196 196 196 196 203 198 198 204 186 186 186 186 186 186 186 186 186 186 185 180 184 186 186 186 186 186 186 186 186 186 186 186 186 186 186 186 192 182 182 182 182 182 193 186 186 186 186 186 186 186 186 186 186 186 186 179 186 186 186 186 186 186 186 186 186 186 186 186 179 186 186 186 186 186 186 186 186 186 203 198 198 198 204 196 196 196 196 196 196 196 196 196 196 
196 196 196 196 196 196 196 196 196 196 196 203 198 198 204 186 186 186 186 179 186 186 186 186 186 185 180 184 186 186 186 186 186 186 186 186 186 186 186 186 186 186 186 186 186 186 186 186 186 186 186 186 186 186 186 186 186 186 186 186 186 186 186 186 186 186 186 186 186 186 186 186 186 186 186 186 186 186 186 186 186 186 186 186 186 203 198 198 198 204 196 196 196 196 196 196 196 196 196 196
196 196 196 196 196 196 196 196 196 196 196 203 198 198 204 186 186 186 186 186 186 186 186 186 186 185 180 184 186 186 186 186 186 186 186 186 186 186 186 186 186 186 186 186 186 186 186 186 186 186 186 186 186 186 186 186 186 179 186 186 186 186 186 186 186 186 186 186 186 186 186 186 186 186 186 186 186 186 186 186 186 186 186 186 186 203 198 198 198 204 196 196 196 196 196 196 196 196 196 196 
196 196 196 196 196 196 196 196 196 196 196 203 198 198 204 186 186 186 186 186 186 186 186 186 186 185 180 184 186 186 186 186 186 186 186 186 186 186 186 186 186 186 186 186 186 186 186 186 186 186 186 186 186 186 186 186 186 186 186 186 186 186 186 186 186 186 186 186 186 186 186 186 186 186 186 186 186 186 186 186 186 186 186 186 200 211 199 198 198 204 196 196 196 196 196 196 196 196 196 196 
196 196 196 196 196 196 196 196 196 196 196 203 198 198 204 186 186 186 186 186 186 186 179 186 186 185 180 184 186 186 186 186 186 186 186 186 186 186 186 186 186 186 186 186 186 186 186 186 186 186 186 186 186 186 186 186 186 186 186 186 186 186 186 186 186 186 186 186 179 186 186 186 186 186 186 186 186 186 186 186 186 186 186 200 211 198 198 198 198 204 196 196 196 196 196 196 196 196 196 196 
196 196 196 196 196 196 196 196 196 196 196 203 198 198 204 186 186 186 186 186 186 186 186 186 186 185 180 184 186 186 186 186 186 186 186 186 186 186 186 186 186 186 186 186 186 186 186 186 186 186 186 186 186 186 186 186 186 186 186 186 186 186 186 186 186 186 186 186 186 186 186 186 186 186 186 186 186 186 186 186 186 186 186 203 198 198 198 198 198 204 196 196 196 196 196 196 196 196 196 196 
196 196 196 196 196 196 196 196 196 196 196 203 198 198 204 186 186 186 186 179 186 186 186 186 186 185 180 184 186 186 186 186 186 186 186 186 186 186 186 186 186 186 186 186 186 186 186 186 186 186 186 186 186 186 186 186 186 186 186 186 186 186 186 186 186 186 186 186 186 186 186 186 186 186 186 186 186 186 186 186 186 186 186 205 206 209 198 199 198 204 196 196 196 196 196 196 196 196 196 196
196 196 196 196 196 196 196 196 196 196 196 203 198 198 204 186 186 186 186 186 186 186 186 186 186 185 180 184 186 186 186 186 186 186 186 186 186 186 186 186 186 186 186 186 186 186 186 186 186 186 186 186 186 186 186 186 186 186 186 179 186 186 186 186 186 186 186 186 186 186 186 186 186 186 186 186 186 186 186 186 186 186 186 186 186 203 198 198 198 204 196 196 196 196 196 196 196 196 196 196
196 196 196 196 196 196 196 196 196 196 196 203 198 198 204 186 186 186 186 186 186 186 186 186 186 185 180 184 186 186 186 186 179 186 186 186 186 186 186 186 186 186 186 186 186 186 186 186 186 186 186 186 186 186 179 186 186 186 186 186 186 179 186 186 186 186 186 186 186 186 186 186 186 186 186 179 186 186 186 186 186 186 186 186 186 203 198 198 198 204 196 196 196 196 196 196 196 196 196 196 
196 196 196 196 196 196 196 196 196 196 196 203 198 198 204 186 186 179 186 186 186 186 186 186 186 185 180 184 186 186 186 186 186 186 186 186 186 186 186 186 186 186 186 186 186 186 186 186 186 186 186 186 186 186 186 186 186 186 186 186 186 186 186 186 186 186 186 186 186 186 186 186 186 186 186 186 186 186 186 186 186 179 186 186 186 203 198 198 198 204 196 196 196 196 196 196 196 196 196 196 
196 196 196 196 196 196 196 196 196 196 196 203 198 198 204 186 186 186 186 186 186 186 186 186 186 185 180 184 186 186 186 186 186 186 186 186 186 186 186 186 179 186 186 186 186 186 186 186 186 186 186 186 186 186 186 186 186 186 186 186 186 186 186 186 186 186 186 186 186 186 179 186 186 186 186 186 186 186 186 186 186 186 186 186 186 203 199 198 198 204 196 196 196 196 196 196 196 196 196 196 
196 196 196 196 196 196 196 196 196 196 196 203 198 198 204 186 186 186 186 186 186 186 186 186 186 185 180 184 186 186 186 186 186 186 186 186 186 186 186 186 186 186 186 186 186 186 186 186 186 186 186 186 186 186 186 186 186 186 186 186 186 186 186 186 186 186 179 186 186 186 186 186 186 186 186 179 186 186 186 186 186 186 186 186 186 203 198 198 198 204 196 196 196 196 196 196 196 196 196 196 
196 196 196 196 196 196 196 196 196 196 196 203 198 198 204 186 186 186 186 186 186 179 186 186 186 185 180 184 186 186 186 186 186 186 186 186 186 186 186 186 186 186 186 186 186 186 186 186 186 186 186 186 186 186 186 186 186 186 186 186 186 186 186 186 186 186 186 186 186 186 186 186 186 186 186 186 186 186 186 186 186 186 186 186 186 203 198 198 198 204 196 196 196 196 196 196 196 196 196 196 
196 196 196 196 196 196 196 196 196 196 196 203 198 198 204 186 186 186 186 186 186 186 186 186 186 185 180 184 186 186 186 186 186 186 186 186 186 186 186 186 186 186 186 186 186 186 186 186 186 186 186 186 179 186 186 186 186 186 186 186 186 186 186 186 186 186 186 186 186 186 186 186 186 186 186 186 186 186 186 186 186 186 186 186 186 203 198 198 199 204 196 196 196 196 196 196 196 196 196 196 
196 196 196 196 196 196 196 196 196 196 196 203 198 198 204 186 186 186 186 186 186 186 186 186 186 185 180 184 186 186 186 186 186 186 186 186 186 186 186 186 186 186 186 186 186 179 186 186 186 186 186 186 186 186 186 186 186 186 186 186 186 186 186 186 186 186 186 186 186 186 186 186 186 186 186 186 186 186 186 186 186 186 186 186 186 203 198 198 198 204 196 196 196 196 196 196 196 196 196 196 
196 196 196 196 196 196 196 196 196 196 196 203 198 198 204 186 186 179 186 186 186 186 186 186 186 185 180 184 186 186 186 186 186 186 186 186 186 186 186 186 186 186 186 186 186 186 186 186 186 186 186 186 186 186 186 186 186 186 186 186 186 186 186 186 186 186 186 186 186 186 186 186 186 186 186 186 186 186 179 186 186 186 186 179 186 203 198 198 198 204 196 196 196 196 196 196 196 196 196 196 
196 196 196 196 196 196 196 196 196 196 196 203 198 198 204 186 186 186 186 186 186 186 186 186 186 185 180 184 186 186 186 186 186 186 186 186 186 186 186 186 186 186 186 186 186 186 186 186 186 186 186 186 186 186 186 186 186 186 186 186 186 186 186 179 186 186 186 186 186 186 186 186 186 186 186 186 186 186 186 186 186 186 186 186 186 203 198 198 198 204 196 196 196 196 196 196 196 196 196 196 
196 196 196 196 196 196 196 196 196 196 196 203 198 198 204 186 186 186 186 186 186 186 186 186 186 185 180 184 186 186 186 186 186 186 186 186 186 186 186 186 186 186 186 186 186 186 186 186 186 186 186 186 186 186 186 186 186 186 186 186 186 186 186 186 186 186 186 186 186 186 186 186 186 186 186 186 186 186 186 186 186 186 186 186 186 203 198 198 198 204 196 196 196 196 196 196 196 196 196 196
196 196 196 196 196 196 196 196 196 196 196 203 198 198 204 186 186 186 186 186 186 186 186 186 186 185 180 184 186 186 186 186 186 186 186 186 186 186 186 186 186 186 186 186 186 186 186 186 186 186 186 186 186 186 186 186 186 186 186 186 186 186 186 186 186 186 186 186 186 186 179 186 186 186 179 186 186 186 186 186 186 186 186 186 186 203 199 198 198 204 196 196 196 196 196 196 196 196 196 196 
196 196 196 196 196 196 196 196 196 196 196 203 198 198 204 186 186 186 186 179 186 186 186 186 186 185 180 184 186 186 186 186 186 186 186 186 186 186 186 186 186 186 186 186 186 186 186 186 186 186 186 186 186 186 186 186 186 186 186 186 186 186 186 186 186 186 186 186 186 186 186 186 186 186 186 186 186 186 186 186 186 186 186 186 186 203 198 198 198 204 196 196 196 196 196 196 196 196 196 196
196 196 196 196 196 196 196 196 196 196 196 203 198 198 204 186 179 186 186 186 186 186 186 186 186 192 180 193 186 186 186 186 186 186 186 186 186 186 186 186 186 186 186 186 186 186 186 186 186 186 186 186 186 186 186 186 186 186 186 186 186 186 186 186 186 186 186 186 186 186 186 186 186 186 186 186 186 186 186 186 179 186 186 186 186 203 198 198 198 204 196 196 196 196 196 196 196 196 196 196 
196 196 196 196 196 196 196 196 196 196 196 203 198 198 204 186 186 186 186 186 186 186 186 186 186 186 186 186 186 186 186 186 186 186 186 186 186 186 186 186 186 186 186 186 186 186 179 186 186 186 186 186 186 186 186 186 186 186 186 186 186 186 186 186 186 186 186 186 186 186 186 186 186 186 186 186 186 179 186 186 186 186 186 186 186 203 198 198 198 204 196 196 196 196 196 196 196 196 196 196 
196 196 196 196 196 196 196 196 196 196 196 203 198 198 210 201 201 201 202 186 186 186 186 186 186 186 186 186 186 186 186 186 186 186 186 186 186 186 186 186 186 186 186 186 186 186 186 186 186 186 186 186 186 186 186 186 186 186 186 186 186 186 186 186 186 186 186 186 186 186 186 186 186 186 186 186 186 186 186 186 186 186 186 186 186 203 198 198 198 204 196 196 196 196 196 196 196 196 196 196 
196 196 196 196 196 196 196 196 196 196 196 203 198 198 198 198 198 198 204 186 186 186 186 186 186 186 186 186 186 186 186 186 186 186 186 186 186 186 186 186 186 186 186 186 186 186 186 186 186 186 186 186 186 200 201 201 201 201 201 201 201 201 201 201 201 201 201 201 201 201 201 201 201 201 201 201 201 201 201 201 201 201 201 201 201 211 198 198 199 204 196 196 196 196 196 196 196 196 196 196 
196 196 196 196 196 196 196 196 196 196 196 203 198 198 198 198 198 198 204 186 186 186 186 186 186 186 186 186 186 186 186 186 186 179 186 186 186 186 186 186 186 186 186 179 186 186 186 186 186 186 186 186 186 203 198 199 198 198 198 199 198 198 198 198 198 198 198 198 199 198 198 198 198 198 199 198 198 198 198 198 198 198 199 198 198 198 198 198 198 204 196 196 196 196 196 196 196 196 196 196 
196 196 196 196 196 196 196 196 196 196 196 203 198 198 208 206 206 206 207 186 186 186 186 186 186 186 186 186 186 186 186 186 186 186 186 186 186 186 186 186 186 186 186 186 186 186 186 186 186 186 186 186 186 205 206 206 206 206 206 206 206 206 206 206 206 206 206 206 206 206 206 206 206 206 206 206 206 206 206 206 206 206 206 206 206 206 206 206 206 207 196 196 196 196 196 196 196 196 196 196 
196 196 196 196 196 196 196 196 196 196 196 203 198 198 204 186 186 186 186 186 186 186 186 186 186 186 186 186 186 186 186 186 186 186 186 186 186 186 186 186 186 186 186 186 186 186 186 186 186 186 186 179 186 186 186 186 186 186 186 186 186 186 186 186 186 186 186 186 186 186 186 186 186 186 186 186 186 186 186 186 186 186 186 186 186 186 186 186 186 196 196 196 196 196 196 196 196 196 196 196 
196 196 196 196 196 196 196 196 196 196 196 205 206 206 207 196 196 196 196 196 196 196 196 196 196 196 196 196 196 196 196 196 196 196 196 196 196 196 196 196 196 196 196 196 196 196 196 196 196 196 196 196 196 196 196 196 196 196 196 196 196 196 196 196 196 196 196 196 196 196 196 196 196 196 196 196 196 196 196 196 196 196 196 196 196 196 196 196 196 196 196 196 196 196 196 196 196 196 196 196 
196 196 196 196 196 196 196 196 196 196 196 196 196 196 196 196 196 196 196 196 196 196 196 196 196 196 196 196 196 196 196 196 196 196 196 196 196 196 196 196 196 196 196 196 196 196 196 196 196 196 196 196 196 196 196 196 196 196 196 196 196 196 196 196 196 196 196 196 196 196 196 196 196 196 196 196 196 196 196 196 196 196 196 196 196 196 196 196 196 196 196 196 196 196 196 196 196 196 196 196 
196 196 196 196 196 196 196 196 196 196 196 196 196 196 196 196 196 196 196 196 196 196 196 196 196 196 196 196 196 196 196 196 196 196 196 196 196 196 196 196 196 196 196 196 196 196 196 196 196 196 196 196 196 196 196 196 196 196 196 196 196 196 196 196 196 196 196 196 196 196 196 196 196 196 196 196 196 196 196 196 196 196 196 196 196 196 196 196 196 196 196 196 196 196 196 196 196 196 196 196 
196 196 196 196 196 196 196 196 196 196 196 196 196 196 196 196 196 196 196 196 196 196 196 196 196 196 196 196 196 196 196 196 196 196 196 196 196 196 196 196 196 196 196 196 196 196 196 196 196 196 196 196 196 196 196 196 196 196 196 196 196 196 196 196 196 196 196 196 196 196 196 196 196 196 196 196 196 196 196 196 196 196 196 196 196 196 196 196 196 196 196 196 196 196 196 196 196 196 196 196 
196 196 196 196 196 196 196 196 196 196 196 196 196 196 196 196 196 196 196 196 196 196 196 196 196 196 196 196 196 196 196 196 196 196 196 196 196 196 196 196 196 196 196 196 196 196 196 196 196 196 196 196 196 196 196 196 196 196 196 196 196 196 196 196 196 196 196 196 196 196 196 196 196 196 196 196 196 196 196 196 196 196 196 196 196 196 196 196 196 196 196 196 196 196 196 196 196 196 196 196 
196 196 196 196 196 196 196 196 196 196 196 196 196 196 196 196 196 196 196 196 196 196 196 196 196 196 196 196 196 196 196 196 196 196 196 196 196 196 196 196 196 196 196 196 196 196 196 196 196 196 196 196 196 196 196 196 196 196 196 196 196 196 196 196 196 196 196 196 196 196 196 196 196 196 196 196 196 196 196 196 196 196 196 196 196 196 196 196 196 196 196 196 196 196 196 196 196 196 196 196 
196 196 196 196 196 196 196 196 196 196 196 196 196 196 196 196 196 196 196 196 196 196 196 196 196 196 196 196 196 196 196 196 196 196 196 196 196 196 196 196 196 196 196 196 196 196 196 196 196 196 196 196 196 196 196 196 196 196 196 196 196 196 196 196 196 196 196 196 196 196 196 196 196 196 196 196 196 196 196 196 196 196 196 196 196 196 196 196 196 196 196 196 196 196 196 196 196 196 196 196 
196 196 196 196 196 196 196 196 196 196 196 196 196 196 196 196 196 196 196 196 196 196 196 196 196 196 196 196 196 196 196 196 196 196 196 196 196 196 196 196 196 196 196 196 196 196 196 196 196 196 196 196 196 196 196 196 196 196 196 196 196 196 196 196 196 196 196 196 196 196 196 196 196 196 196 196 196 196 196 196 196 196 196 196 196 196 196 196 196 196 196 196 196 196 196 196 196 196 196 196 